1.609516077036141	3.8978853214920868
1.6101166968661513	3.873705046847384
1.6125191761861921	3.8324964163878312
1.6149216398816042	3.8065361937714375
1.617324134826274	3.7858600973007435
1.6192833031150957	3.7713495022743033
1.620440515998775	3.763576468871912
1.6218089660537545	3.754384549099083
1.6240513816674946	3.7407993471443985
1.6262937972812348	3.728208503608582
1.628536212894975	3.7164179590575275
1.6307786285087154	3.705289427273456
1.635263459736196	3.6846317387679592
1.637505875349936	3.674962008119216
1.6397482909636762	3.665661345349148
1.6442331221911568	3.6480115459485654
1.6448442430009385	3.6458129117715306
1.6532100843456596	3.6157150581135604
1.6554452002598579	3.60818348874742
1.6575650382685316	3.601204942298496
1.6622007642428671	3.586425738191856
1.6673221338255853	3.570798949701347
1.6719550612636724	3.557218577177766
1.6890814344659615	3.510706531290062
1.6910084218014914	3.5057829741028024
1.693566265693442	3.4993195084576914
1.6980510969209224	3.4882087799028874
1.7071909712492401	3.4663499410343976
1.7249600842858053	3.4263106808780526
1.760838734105649	3.353075837591838
1.7632685555709453	3.348406591580393
1.7656983770362413	3.3437689321666517
1.7705580199668338	3.3345853037692197
1.7802773058280184	3.3165649083931745
1.7997158775503879	3.2817725734897
1.8385930209951264	3.216312766106607
1.9163544786568663	3.0973121705413855
1.9187328888295514	3.0938653333123334
1.9211184697744992	3.0904178591306626
1.9255933848912856	3.083978003152092
1.9354319554645238	3.069930976345572
1.936938639306765	3.0678136128337066
1.9545166030037673	3.043111058852939
1.9926408252865626	2.9910421561043012
2.025076005972598	2.9488346815981803
2.0690244883612583	2.8916490424145707
2.2114575916346735	2.7188053568282977
2.3658846694076683	2.543255129629536
2.5100676699774236	2.3862380785087143
2.6514192772448792	2.2362977785141407
2.804764859011914	2.0761235619295584
2.9478663635757094	1.927391263975578
3.1029618426390844	1.7651432532178182
3.2552259284001597	1.602433915918988
3.3972459369579955	1.4444831237693316
3.4515590931978624	1.3795485393217324
3.551415797745432	1.2601534489829995
3.553506324794382	1.2575132090705818
3.5557527295733538	1.254670549140548
3.560245539131297	1.248968306091903
3.5692311582471827	1.2374942296633682
3.587202396478955	1.214251557369846
3.6231448729424987	1.1664406827910265
3.6253912777214703	1.1633871823447213
3.627637682500442	1.160325363238769
3.632729533334089	1.1533494246094735
3.641116111174271	1.1417731120824657
3.6590873494060427	1.1165170903184873
3.695029825869587	1.0639285854561489
3.69723199012821	1.0606038100793986
3.699434154386833	1.057265941092828
3.703838482904079	1.0505500072344365
3.7126475100973937	1.0369500117010557
3.730277418129873	1.008999755242835
3.765499082145525	0.9496386532676406
3.7677012464041484	0.9457410661133375
3.7698987057783127	0.941826791084704
3.770875831518543	0.9400691013412429
3.7743077391800175	0.9338953678911837
3.78311639621451	0.9177192024204867
3.8007337102834944	0.8838664793229264
3.8029358745421176	0.8794757122858683
3.8051380388007408	0.8750458539679392
3.8095423673278734	0.866063698786035
3.818351024352479	0.8475693764860115
3.835968338421463	0.8080586557275612
3.838357908531642	0.80239179555443
3.8407494299321763	0.7966352197944536
3.845526618862179	0.7848636081279138
3.855084899302895	0.7600671604319098
3.857474344752443	0.7535710751841271
3.859864039523253	0.7469394211890219
3.864643179743611	0.7332325646205448
3.8742014601843273	0.7036861409703603
3.8765910302945064	0.6957582479351619
3.8789806004046854	0.6875694639412909
3.8837597406250435	0.6702862512826111
3.8861493107352225	0.6611139363515419
3.8885388808454016	0.6515206444012336
3.893318021065759	0.6307842413436265
3.8957075911759382	0.6194395162170782
3.898097161286117	0.6072459771170269
3.900486731396296	0.5939718368999115
3.902876301506475	0.5792564178181008
3.905265871616654	0.5624799393109563
3.907655441726833	0.5423908694231026
3.910045011837012	0.5154930625140601
3.911956667925156	0.4705217591882424
