1.609516077036141	3.9221480400250486
1.6101166968661513	3.9463236040003844
1.6125191761861921	3.9875133369097497
1.614920958449882	4.0134472160601655
1.617324134826274	4.034111596189947
1.619535215493914	4.050470348520816
1.6218089660537545	4.065551299455103
1.6240513816674946	4.079118461914096
1.6262937972812348	4.091691187488007
1.628536212894975	4.103463535273209
1.6307786285087154	4.1145737911483105
1.635263459736196	4.135194689042586
1.637505875349936	4.1448459043034775
1.6397482909636762	4.154127971171364
1.6442331221911568	4.1717403358372565
1.6535957641032843	4.2052572210006565
1.6554452002598579	4.211473372766606
1.6575829924965826	4.218492670516859
1.6621724969046978	4.233086861753562
1.6673221338255853	4.248754983811033
1.6719550612636724	4.262294561053095
1.6890814344659615	4.308652588043654
1.6913238284299479	4.314361480062666
1.693566265693442	4.319998428797569
1.6980510969209224	4.331067616736415
1.7070257180436024	4.352469872474829
1.7249600842858053	4.392708767910496
1.760838734105649	4.465579564856945
1.7632685555709453	4.470223232698422
1.7656983770362413	4.474835193695496
1.7705580199668338	4.483967062277996
1.7802773058280184	4.501882470261618
1.7997158775503879	4.536458830422625
1.8385930209951264	4.601461620695246
1.9169469537279933	4.720288857097891
1.9187328888295514	4.722851698014578
1.9211184697744992	4.726265127742881
1.9254495237026625	4.732435717380577
1.9355742037950703	4.746742201255354
1.9545166030037673	4.77307852298969
1.9906644543569731	4.821876040876486
1.992685898122931	4.8246048735631835
1.9970411023689427	4.830194849556681
2.0690244883612583	4.922586704656514
2.2114575916346735	5.092316315706713
2.3658846694076683	5.263374522540409
2.5100676699774236	5.4148061379321994
2.6514192772448792	5.55753499862937
2.804764859011914	5.707283211255129
2.9478663635757094	5.842986032211478
3.1029618426390844	5.986127072472322
3.2552259284001597	6.122903454190332
3.3972459369579955	6.247186189529001
3.5512409813488524	6.3783061525084985
3.695029825869587	6.497192668623929
3.835968338421463	6.610237172387096
3.9097098383751567	6.667946523773584
3.914342765813244	6.671538285717816
4.131589235321135	6.835281135697709
4.286271619668931	6.946004972950229
4.430709926813488	7.0447139512409285
4.572316840655746	7.13689178740997
4.725917728997582	7.231530666681379
4.869274540136179	7.314686645228273
5.024625325774355	7.3990432460655
5.177144718110232	7.475975524145887
5.319420033242869	7.542482568599594
5.473689322875086	7.608923499719692
5.617714535304064	7.665737040693489
5.758908354430742	7.716695490702549
5.912096148056999	7.766891099921535
6.055039864480016	7.80918624964625
6.057533115818899	7.809886551991243
6.060026367157782	7.810585598209606
6.065012869835547	7.811979927791687
6.074985875191079	7.814753574303124
6.09493188590214	7.820241128146963
6.1348239073242645	7.830979790458652
6.137317158663148	7.831640589208349
6.13981041000203	7.832300176756852
6.144796912679796	7.833615723956809
6.154769918035327	7.836232346782145
6.174715928746389	7.841408027231097
6.177209180085272	7.84204961858542
6.179702431424155	7.842690021700208
6.184688934101921	7.843967268990329
6.194661939457451	7.846507568324369
6.197155190796334	7.847139694266598
6.199648442135217	7.847770643553983
6.204634944812982	7.84902901797527
6.207128196151865	7.8496564460170575
6.209621447490748	7.85028270321975
6.21211469882963	7.8509077910395995
6.214607950168514	7.851531710933764
