-1.0498219762449998	-4.935341521418668
-1.047593993566653	-4.933118125353073
-1.0453660108883063	-4.930894739291386
-1.040910045531613	-4.926447997265012
-1.0319981148182258	-4.917554634199615
-1.0141742533914515	-4.8997683968494625
-0.978526530537903	-4.864197916511377
-0.9072310848308062	-4.793065256844467
-0.752646218917033	-4.638874672294845
-0.6083054302064993	-4.494959435333616
-0.46679603479826537	-4.353928956205356
-0.3132926648904519	-4.201024190399987
-0.17003337218587786	-4.058408371813069
-0.014780104981724298	-3.903958261651336
0.13764176892012947	-3.7524470515358703
0.27981956561874377	-3.6112427193268264
0.43399133681693763	-3.4582796424176294
0.577919030811892	-3.3156419527979573
0.7190153315045467	-3.175979584401569
0.8721056066967808	-3.0246555770329664
1.0149518046857755	-2.883674846188101
1.1697919771743497	-2.7311156133421157
1.3218007563606242	-2.5816280120894595
1.4626203538497662	-2.4434082339479177
1.607124124590841	-2.3018416606828573
1.6121667094037202	-2.296906725248222
1.6419209535900814	-2.2677984337182155
1.6673221338254092	-2.2429487028742687
1.6719550612634964	-2.238418167226865
1.893141888900722	-2.0224595554770466
1.9163485849525737	-1.9998014012033556
2.0690244883612583	-1.8510579368685676
2.2114575916346735	-1.7124348354938832
2.3658846694076683	-1.562157861571546
2.5100676699774236	-1.421672790836669
2.6514192772448792	-1.2835043294794681
2.804764859011914	-1.1326500253474874
2.9478663635757094	-0.9903121248489404
3.1029618426390844	-0.8331990313119711
3.2552259284001597	-0.6742137212292366
3.3972459369579955	-0.5188761686689108
3.4523851630096623	-0.4537206688116614
3.5518228896736797	-0.33618062714432156
3.553506324794382	-0.3340746752497033
3.5557527295733538	-0.3312587909711283
3.560245539131297	-0.325609764415266
3.5692311582471827	-0.3142407955042816
3.587202396478955	-0.2912031446423778
3.6231448729424987	-0.243782375002989
3.6253912777214703	-0.2407524054124469
3.627637682500442	-0.2377140197062347
3.632189328470524	-0.2315309249600483
3.6330609985904134	-0.23033665033751308
3.641116111174271	-0.21930034621161154
3.6590873494060427	-0.19422381771421696
3.695029825869587	-0.14197698127461586
3.69723199012821	-0.1386724158730172
3.699434154386833	-0.13535467546677182
3.703838482904079	-0.12867875597499673
3.712488000117192	-0.1154023041010407
3.730686538482558	-0.08670404470497003
3.732466618266179	-0.08383734100337563
3.734668260938485	-0.08027406119028552
3.7355167705906442	-0.07889028730486258
3.7390731110420483	-0.0730904831973393
3.7478817680765406	-0.05849629022036641
3.765499082145525	-0.028295067747470044
3.7677012464041484	-0.024415251042345185
3.769900576866832	-0.02051531976814326
3.7708750848106956	-0.018770091898262307
3.7743077391800175	-0.01262243937667925
3.78311639621451	0.00348419069807824
3.8007337102834944	0.03720113253110194
3.8029358745421176	0.04157522967520739
3.8051380388007408	0.045988484434177856
3.8095428473894435	0.05493863474247426
3.818351024352479	0.07336671794539866
3.835968338421463	0.11275004298474782
3.838357908531642	0.11839993337434292
3.840748082392606	0.1241362875602887
3.845526618862179	0.13587764789495932
3.855084899302895	0.16060780439655903
3.8574217550907877	0.1669448826818384
3.859864039523253	0.17370282330396417
3.864643179743611	0.1873772396020773
3.8742014601843273	0.2168596127265789
3.8765910302945064	0.22477166421431205
3.8789806004046854	0.23294467447088346
3.8837597406250435	0.25019654185053836
3.8861493107352225	0.2593532846261096
3.8885388808454016	0.268931071003526
3.893318021065759	0.2896366614516927
3.8957075911759382	0.30096607893957095
3.898097161286117	0.3131443757793001
3.900486731396296	0.3264033388169629
3.902876301506475	0.3411036455041327
3.905265871616654	0.357865076106803
3.907655441726833	0.3779391622871103
3.910045011837012	0.40482204939369404
3.911956667925156	0.44978146269398045
