-10.819778077744342	4.097726670900186
-10.816672265175836	4.097728844864394
-10.81356645260733	4.097731032388785
-10.807354827470316	4.0977354484573345
-10.79493157719629	4.097744447077883
-10.770085076648238	4.097763129944791
-10.720392075552134	4.097803403321317
-10.717286262983627	4.097806055960732
-10.714180450415121	4.09780872514993
-10.707968825278108	4.097814113591869
-10.695545575004083	4.0978250936658025
-10.67069907445603	4.097847890619432
-10.621006073359926	4.097897033407873
-10.61763901663776	4.097900543472207
-10.614271959915593	4.097904077290805
-10.60753784647126	4.097911216835928
-10.594069619582593	4.097925788135585
-10.56713316580526	4.097956137140568
-10.513260258250593	4.098021977120992
-10.509893201528428	4.098026332893554
-10.50652614480626	4.098030718154851
-10.499792031361928	4.0980395779451415
-10.48632380447326	4.098057660283742
-10.459387350695927	4.098095322668632
-10.405514443141263	4.098177031341781
-10.402370515564407	4.098182077717036
-10.399226587987553	4.09818715600025
-10.392938732833844	4.098197409100816
-10.380363022526428	4.098218307182924
-10.355211601911595	4.098261717938119
-10.304908760681926	4.0983553928631125
-10.301764833105072	4.09836156730389
-10.298620905528217	4.098367780806429
-10.29233305037451	4.098380325989792
-10.279757340067091	4.098405896109823
-10.254605919452256	4.098459013049906
-10.204303078222589	4.098573637969744
-10.201220822024723	4.098581044881531
-10.198138565826856	4.098588497760486
-10.191974053431125	4.098603542566933
-10.179645028639658	4.098634196504463
-10.15498697905673	4.098697828271633
-10.105670879890873	4.098834945922796
-10.102588623693007	4.098843975129529
-10.099506367495142	4.098853060415767
-10.093341855099409	4.098871400628361
-10.081012830307944	4.0989087695492925
-10.056354780725016	4.0989863427563
-10.007038681559159	4.0991535133263035
-10.003695181207632	4.099165458261021
-10.000351680856106	4.099177483771791
-9.993664680153055	4.0992017787111426
-9.98029067874695	4.099251359799935
-9.95354267593474	4.099354614369402
-9.90004667031032	4.099578567656586
-9.896703169958794	4.099593381641367
-9.893359669607268	4.099608295684797
-9.886672668904216	4.09963842667374
-9.873298667498112	4.099699919607308
-9.846550664685902	4.099827988132436
-9.793054659061482	4.100105794331744
-9.789934287855269	4.100122941837833
-9.786813916649056	4.100140197583205
-9.780573174236627	4.100175036551867
-9.768091689411772	4.100246043972706
-9.747225538859107	4.100368818748381
-9.59788634615447	4.101416200112422
-9.588323248904036	4.101494687375391
-9.587303983729212	4.1015031322845
-9.57981796643163	4.101565736689124
-9.566297978984803	4.101681263214877
-9.562233614241814	4.101717206336909
-9.559986540080411	4.10173707828884
-9.545957800407638	4.101861141145878
-9.539499489754672	4.101919823744033
-9.484941579273487	4.102447475993531
-9.481757594987954	4.102480104472072
-9.47837597962808	4.102514997027637
-9.471612748908331	4.10258550528176
-9.458086287468836	4.102729461919896
-9.431033364589844	4.1030295266288315
-9.376927518831861	4.103681564458244
-9.374187483911365	4.103716556342595
-9.370287630870088	4.103766647717289
-9.363647742908316	4.103852890639459
-9.350367966984773	4.104028920163989
-9.323808415137687	4.104395619988938
-9.270689311443515	4.10519151957836
-9.26736936746263	4.105244194195543
-9.26241033684596	4.105323680153674
-9.257409535519972	4.105404384293966
-9.24412975959643	4.105623120582648
-9.217570207749343	4.106078876864242
-9.164451104055171	4.107068491866368
-9.161354289219599	4.107129590292276
-9.158257474305461	4.107191079687658
-9.152063844712877	4.107315241697431
-9.139676585370584	4.107568371866628
-9.114902066685996	4.108094458348986
-9.065262160149306	4.109233209497624
-9.062256214481248	4.109305990277448
-9.059159399645674	4.109381454205592
-9.052965769974527	4.109533843976033
-9.040578510632233	4.109844562887335
-9.015803991947646	4.110490511859014
-8.966254954578469	4.111886819486651
-8.962896895589235	4.111986777660018
-8.9595388366	4.112087439991941
-8.952822718621533	4.112290897890844
-8.9393904826646	4.11270649427441
-8.912526010750732	4.113573626529393
-8.858797066922996	4.11546199578635
-8.855439007933763	4.115587274864028
-8.85208094894453	4.115713446302514
-8.845364830966062	4.115968493141473
-8.831932595009128	4.11648959396022
-8.805068123095259	4.117577403019833
-8.751339179267521	4.119948906758735
-8.748204249423601	4.120095865649236
-8.74506931957968	4.120243815257788
-8.738431951518892	4.120560593025764
-8.726259740516152	4.121152721720828
-8.701180301764781	4.122423239295609
-8.65102142426204	4.125180579115297
-8.64788649441812	4.125363088421264
-8.644751564574198	4.1255468484520845
-8.638481704886356	4.125918157946016
-8.625941985510671	4.126676199949991
-8.600862546759302	4.128256167841951
-8.550703669256562	4.131690362001138
-8.547631080742581	4.131913388648087
-8.544557152326696	4.132138042235257
-8.53841063539683	4.132591887625468
-8.52611768676726	4.133518444704584
-8.506530162747211	4.135057139749564
-8.501531533817634	4.135449806373141
-8.451823532444706	4.1396974164765625
-8.44928613991377	4.1399272115800985
-8.446212881448837	4.14020749425015
-8.440066364518971	4.1407739949195745
-8.427773330659239	4.141931182012477
-8.403187262939774	4.144345986427612
-8.354015127500846	4.149609092660055
-8.350680624882251	4.149988403351524
-8.347346122263659	4.150370704885069
-8.340677117026473	4.151144390061343
-8.327339106552099	4.152728873604769
-8.30049463715488	4.156074603369582
-8.297328582984761	4.156483474761299
-8.293994080366168	4.156917567946454
-8.287325075128981	4.157796290236354
-8.278876790096813	4.158936747844897
-8.273987145578173	4.159596814624497
-8.270184312456934	4.160135869747787
-8.267908443242726	4.160458476320503
-8.247311043705864	4.163378180956454
-8.243980102051172	4.163867951384492
-8.240642038468678	4.164362814554281
-8.23395058539077	4.165367245126383
-8.220635022757119	4.167416088191589
-8.193959001808373	4.171731755566447
-8.140606959910883	4.181293231448056
-8.137495586437602	4.181892579132105
-8.132372865990348	4.182892260256098
-8.12816146601776	4.183720226155466
-8.115715972124637	4.186228085770561
-8.08823579602934	4.192070137800426
-8.086859909693535	4.192373798644317
-8.084602237391827	4.192874467259519
-8.078379490445267	4.194272080992725
-8.065933996552143	4.197139683521556
-8.04103588838679	4.2031816458558
-8.037931635292615	4.2039648860076335
-8.034820261819334	4.20475685033466
-8.028597514872773	4.206361885751648
-8.01615202097965	4.2096587261646725
-7.991261033193403	4.216619437854864
-7.941479055400734	4.232191091686541
-7.938106439993968	4.233334580209997
-7.934733822367027	4.234490234420013
-7.927988587113145	4.236838770053935
-7.914498116605381	4.2416901063883365
-7.8875171755898545	4.252056486924916
-7.884144557962914	4.253418933473886
-7.879900902861128	4.255159117682408
-7.874026705082091	4.257601124802995
-7.860536234574327	4.2634089685386645
-7.833555293558799	4.275891946657315
-7.830359673750869	4.277453744372437
-7.826810058304917	4.27920933568766
-7.820064823051036	4.282611490574616
-7.806574352543271	4.28968380045951
-7.779593411527744	4.30500902928067
-7.776277489944926	4.3070117774609615
-7.77284817624138	4.309112018576254
-7.76610294101998	4.313333747792711
-7.752857171308483	4.321996538261214
-7.7478598695606475	4.32556537809597
-7.725631529496689	4.341508661681273
-7.722333092042302	4.344049214427672
-7.719009637000784	4.346650997683686
-7.715609040853199	4.349380476254629
-7.712166859912208	4.352154550316414
-7.710525768954961	4.353539323509017
-7.70890820156818	4.354906093069386
-7.6991439595130675	4.363156425593425
-7.695833013265115	4.36607929508403
-7.6920425435746935	4.369498647210515
-7.685900174521256	4.375175054596306
-7.672656389529445	4.388138362472022
-7.669345443281492	4.3915430106712625
-7.6660344970335395	4.395018161776652
-7.659412604537634	4.402191181588245
-7.646168819545823	4.41751741781263
-7.64285787329787	4.421574465731961
-7.638980503974863	4.4264723054114725
-7.632925018208672	4.434356526428571
-7.619303166942669	4.453601372008224
-7.616370303314247	4.458033835115306
-7.6130593570662946	4.4631880893523235
-7.606437464570389	4.473986993077818
-7.603126518322436	4.479653984029575
-7.599815572074483	4.485516406174823
-7.593193679578578	4.497888555363342
-7.5904995670454785	4.50321453339568
-7.586359000585525	4.5117139383718685
-7.5799498945867665	4.525780014124353
-7.576652302009121	4.5335321243084765
-7.573328002090861	4.541743775516709
-7.566706109594956	4.559501260523972
-7.563395163347003	4.569212586300951
-7.560084217099051	4.579597996318849
-7.556782070268369	4.590750400843222
-7.553462324603146	4.60292354744747
-7.5509489882935155	4.613045842932576
-7.550149365121488	4.616267202356066
-7.54684043210724	4.631122367427326
-7.544279678386439	4.644216048943495
-7.543529485859287	4.648051943799977
-7.540218539611335	4.667992439746083
-7.539004318244087	4.677143521751197
-7.5388769115360255	4.678103733179616
-7.536907593363382	4.692945666107288
-7.533869191898768	4.726222748408107
-7.533698821297629	4.728088675798451
-7.5316100793666605	4.779175861369504
