-10.819778077744342	1.609437339495124
-10.720392075552134	1.6094373477960686
-10.621006073359926	1.6094373579224224
-10.56713316580526	1.6094373643131918
-10.513260258250593	1.6094373714310048
-10.459387350695927	1.6094373793585728
-10.405514443141263	1.6094373881880177
-10.380363022526428	1.6094373926474657
-10.355211601911595	1.6094373973369742
-10.304908760681926	1.6094374074542614
-10.279757340067091	1.6094374129076456
-10.254605919452256	1.6094374186423672
-10.204303078222589	1.6094374310146282
-10.179645028639658	1.6094374375494127
-10.15498697905673	1.6094374444145463
-10.105670879890873	1.6094374592035043
-10.081012830307944	1.609437467163304
-10.056354780725016	1.6094374755254912
-10.007038681559159	1.6094374935394204
-9.993664680153055	1.6094374987387101
-9.98029067874695	1.6094375040789468
-9.95354267593474	1.60943751519765
-9.90004667031032	1.6094375393016447
-9.886672668904216	1.6094375457415007
-9.873298667498112	1.6094375523559343
-9.846550664685902	1.609437566127594
-9.793054659061482	1.6094375959828753
-9.780573174236627	1.609437603420323
-9.768091689411772	1.609437611045768
-9.74312871976206	1.6094376268797792
-9.693202780462638	1.6094376610210848
-9.680721295637783	1.6094376701025146
-9.668239810812928	1.6094376794134977
-9.643276841163217	1.6094376987474783
-9.593350901863795	1.6094377404354208
-9.586587671144049	1.60943774640964
-9.5798244404243	1.6094377524652186
-9.566297978984803	1.6094377648248994
-9.539245056105813	1.6094377905703456
-9.485139210347828	1.6094378464348789
-9.47837597962808	1.6094378538526388
-9.471612748908331	1.6094378613714166
-9.458086287468836	1.6094378767175472
-9.431033364589844	1.6094379086838235
-9.376927518831861	1.609437978046816
-9.370287630870088	1.609437987087833
-9.363647742908316	1.6094379962497136
-9.350367966984773	1.6094380149425505
-9.323808415137687	1.6094380538511452
-9.270689311443515	1.6094381381521556
-9.26736936746263	1.6094381437242775
-9.264049423481744	1.609438149333521
-9.257409535519972	1.6094381606643626
-9.24412975959643	1.6094381837824963
-9.217570207749343	1.6094382319022178
-9.164451104055171	1.609438336160451
-9.161354289219599	1.609438342587116
-9.158257474384024	1.6094383490537092
-9.152063844712877	1.609438362107673
-9.139676585370584	1.6094383887057568
-9.114902066685996	1.6094384439202225
-9.065353029316821	1.609438562905864
-9.062256214481248	1.6094385707412693
-9.059159399645674	1.609438578625355
-9.052965769974527	1.609438594540779
-9.040578510632233	1.609438626969226
-9.015803991947646	1.6094386942868353
-8.966254954578469	1.6094388393544246
-8.962896895589235	1.6094388497159566
-8.9595388366	1.6094388601473129
-8.952822718621533	1.6094388812213811
-8.9393904826646	1.6094389242283211
-8.912526010750732	1.6094390137871568
-8.858797066922996	1.6094392080083377
-8.855439007933763	1.6094392208541388
-8.85208094894453	1.6094392337865049
-8.845364830966062	1.609439259913268
-8.831932595009128	1.6094393132315048
-8.805068123095259	1.6094394242628733
-8.751339179267521	1.6094396650503475
-8.748204249423601	1.6094396799145299
-8.74506931957968	1.609439694872202
-8.738799459891837	1.6094397250703714
-8.726259740516152	1.6094397866147092
-8.701180301764781	1.609439914432163
-8.65102142426204	1.6094401901295001
-8.64788649441812	1.6094402082962234
-8.644751564574198	1.6094402265772085
-8.638481704886356	1.6094402634848426
-8.625941985510671	1.6094403387031768
-8.600862546759302	1.6094404949192769
-8.550703669256562	1.6094408318714504
-8.54763041079163	1.6094408536363558
-8.544557152326696	1.6094408755354532
-8.53841063539683	1.6094409197395376
-8.526117601537099	1.6094410097947562
-8.501531533817634	1.6094411966857023
-8.452359398378704	1.6094415992012592
-8.44928613991377	1.6094416256971504
-8.446212881448837	1.6094416523564032
-8.440066364518971	1.6094417061690272
-8.427773330659239	1.6094418157993435
-8.403187262939774	1.609442043314371
-8.354015127500846	1.6094425333239584
-8.350680624882251	1.6094425683302467
-8.347346122263659	1.6094426035707758
-8.340677117026473	1.609442674760837
-8.327339106552099	1.6094428200215252
-8.300663085603354	1.6094431224306482
-8.247311043705864	1.6094437778749
-8.243976541087271	1.6094438212089899
-8.240642038468678	1.6094438648330462
-8.233973033231491	1.6094439529588336
-8.220635022757119	1.6094441327762588
-8.193959001808373	1.6094445071269454
-8.140606959910883	1.6094453184982669
-8.137495586437602	1.6094453685406234
-8.13438421296432	1.609445418895359
-8.12816146601776	1.609445520549781
-8.115715972124637	1.6094457276937981
-8.09082498433839	1.609446157775995
-8.041043008765897	1.6094470849194205
-8.037931635292615	1.609447145988336
-8.034820261819334	1.6094472074384638
-8.028597514872773	1.6094473314918913
-8.01615202097965	1.6094475842790048
-7.991261033193403	1.6094481091276662
-7.941479057620909	1.609449240563022
-7.938106439993968	1.6094493213668093
-7.934733822367027	1.609449402717499
-7.927988587113145	1.609449567074419
-7.914498116605381	1.609449902515655
-7.8875171755898545	1.60945060117126
-7.833555293558799	1.6094521168447815
-7.830182675931859	1.6094522171161323
-7.826810058304917	1.6094523180661535
-7.820064823051036	1.6094525220206128
-7.806574352543271	1.609452938277795
-7.779593411527744	1.6094538052568388
-7.725631529496689	1.6094556860951557
-7.722320583248736	1.6094558082416839
-7.719009637000784	1.6094559311997823
-7.712387744504879	1.6094561795722966
-7.6991439595130675	1.609456686295856
-7.672656389529445	1.6094577409141557
-7.6196812495622	1.6094600254081448
-7.616370303314247	1.6094601763862746
-7.6130593570662946	1.6094603283675513
-7.606437464570389	1.6094606353662544
-7.593193679578578	1.609461261697705
-7.566706109594956	1.6094625652506234
-7.513730969627712	1.6094653889853578
-7.510643152525072	1.609465562985945
-7.507555335422431	1.6094657380645128
-7.50137970121715	1.6094660914823464
-7.489028432806588	1.6094668115504414
-7.464325895985465	1.6094683061690838
-7.414920822343218	1.6094715263515378
-7.411833005240577	1.6094717383751027
-7.408745188137937	1.6094719517122358
-7.402569553932656	1.6094723823598096
-7.390218285522095	1.6094732597792756
-7.365515748700972	1.609475081007645
-7.316110675058725	1.609479004882628
-7.312761613802424	1.6094792851705735
-7.309412552546123	1.6094795673424607
-7.302714430033522	1.6094801373888066
-7.2893181850083195	1.6094813006517816
-7.262525694957915	1.609483722812457
-7.208940714857107	1.6094889745291532
-7.2055916536008064	1.609489321828598
-7.202242592344506	1.6094896714624705
-7.195544469831905	1.6094903777963787
-7.182148224806703	1.609491819174961
-7.155355734756299	1.609494820435281
-7.10177075465549	1.6095013277708352
-7.098644822544502	1.6095017293454912
-7.095518890433514	1.60950213343909
-7.089267026211537	1.6095029492464288
-7.0767632977675845	1.6095046117904537
-7.051755840879679	1.6095080642717112
-7.001740927103867	1.609515509636922
-6.998614994992879	1.6095160001714974
-6.995489062881891	1.609516493783163
-6.989237198659914	1.6095174903151142
-6.976733470215962	1.60951952116177
-6.951726013328056	1.6095237384768135
-6.901711099552245	1.6095328332587995
-6.898323923287597	1.6095334827135896
-6.894936747022948	1.6095341365842293
-6.888162394493651	1.6095354576933947
-6.8746136894350585	1.6095381542371636
-6.8475162793178725	1.6095437716342644
-6.793321459083499	1.6095559626785214
-6.789934282818851	1.609556769402915
-6.7865471065542025	1.6095575816128684
-6.779772754024906	1.6095592226389641
-6.766224048966313	1.6095625721768094
-6.739126638849126	1.6095695499018496
-6.6849318186147535	1.609584693268654
-6.681606313729093	1.609585677057151
-6.678280808843433	1.609586667413574
-6.671629799072113	1.6095886680059623
-6.658327779529472	1.6095927499558071
-6.631723740444191	1.6096012471443049
-6.578515662273629	1.6096196607315796
-6.5751901573879685	1.6096208779802936
-6.571864652502309	1.6096221033564109
-6.565213642730988	1.6096245787084011
-6.5519116231883485	1.6096296293546983
-6.525307584103068	1.6096401430766565
-6.472099505932506	1.609662926752782
-6.468997130192157	1.6096643315300925
-6.46589475445181	1.6096657450567666
-6.459690002971115	1.6096685985766717
-6.4472805000097235	1.6096744130311351
-6.4224614940869404	1.6096864842796157
-6.372823482241376	1.6097125024649672
-6.369721106501029	1.6097142160367526
-6.36661873076068	1.6097159402827659
-6.3604139792799845	1.6097194210640833
-6.348004476318594	1.6097265136735515
-6.323185470395812	1.6097412385555814
-6.273547458550247	1.6097729767408429
-6.270183838656239	1.6097752436680348
-6.2668202187622315	1.609777525912367
-6.260092978974216	1.6097821367675567
-6.246638499398184	1.609791546889357
-6.219729540246121	1.6098111449481227
-6.165911621941994	1.609853655813681
-6.162548002047986	1.6098564679365899
-6.1591843821539785	1.6098592990650546
-6.152457142365963	1.6098650188539687
-6.139002662789931	1.609876692216145
-6.112093703637868	1.6099010040833774
-6.058275785333742	1.6099537410248477
-6.055135294585046	1.6099569975155128
-6.051994803836351	1.6099602745566115
-6.045713822338961	1.6099668908104905
-6.033151859344178	1.6099803756940663
-6.008027933354613	1.610008385187793
-5.957780081375484	1.610068816698466
-5.954639590626789	1.6100727995090958
-5.951499099878093	1.6100768074624405
-5.945218118380701	1.6100848994343897
-5.932656155385919	1.6101013921560383
-5.907532229396354	1.6101356497152934
-5.857284377417225	1.6102095638445657
-5.854205558047518	1.6102143393886044
-5.851126738677811	1.6102191444984837
-5.844969099938396	1.6102288441508077
-5.832653822459566	1.6102486063954975
-5.808023267501907	1.61028962530992
-5.758762157586589	1.6103779985759272
-5.7556833382168815	1.6103838171728975
-5.752604518847175	1.610389671811732
-5.74644688010776	1.6104014901119608
-5.7341316026289295	1.6104255691602425
-5.709501047671271	1.6104755491153881
-5.660239937755953	1.6105832330791716
-5.656899874232586	1.6105909269751473
-5.653559810709218	1.6105986726187747
-5.646879683662483	1.6106143205484
-5.633519429569013	1.6106462529068841
-5.606798921382072	1.610712745111277
-5.553357905008193	1.6108569256758967
-5.550017841484825	1.6108664611155363
-5.546677777961458	1.610876060741963
-5.539997650914723	1.6108954542938787
-5.526637396821253	1.6109350309317356
-5.4999168886343135	1.6110174436047362
-5.446475872260433	1.611196159384555
-5.443358937882378	1.6112071873736777
-5.4402420035043235	1.6112182846930436
-5.434008134748213	1.611240689078086
-5.421540397235992	1.611286349280273
-5.396604922211551	1.6113811774044497
-5.346733972162668	1.6115857207341509
-5.343617037784613	1.6115991992017042
-5.3405001034065585	1.611612762505273
-5.334266234650448	1.6116401457737712
-5.321798497138227	1.611695954223844
-5.296863022113786	1.6118118638959584
-5.246992072064903	1.612061904942033
-5.243613893533189	1.61207976848497
-5.240235715001473	1.6120977540972088
-5.233479357938043	1.6121340948987808
-5.219966643811182	1.6122082787264556
-5.192941215557459	1.612362851703402
-5.185095981280883	1.6124093239607045
-5.032615357553595	1.613475512654512
-5.027472138882398	1.613517522712697
-5.024155631729672	1.6135448450208238
-5.017522617424218	1.6136000431883466
-5.004256588813309	1.6137126892016644
-4.980682900537345	1.6139204857889518
-4.97422458988438	1.6139791683871056
-4.921343909995132	1.6144897075815563
-4.918027402842405	1.614523589903059
-4.9113943885369515	1.614592043049244
-4.898128359926043	1.6147317477397969
-4.871596302704226	1.6150227153527938
-4.818532188260593	1.6156539608291127
-4.815438810253179	1.6156929060583416
-4.812345432245763	1.6157320975884661
-4.806158676230934	1.6158112259105655
-4.7937851642012745	1.6159725087143402
-4.769038140141957	1.6163075490354653
-4.719544092023321	1.617030642700486
-4.716450714015907	1.6170783122164323
-4.713357336008492	1.617126284478721
-4.7071705799936625	1.6172231451242272
-4.694797067964004	1.6174205868254294
-4.670050043904686	1.6178308108468002
-4.62055599578605	1.618716486979738
-4.617794344844099	1.6187686410078366
-4.6138467514639	1.618843630374921
-4.607137507141751	1.6189725411236473
-4.5958554357773185	1.619193856928164
-4.566777171621033	1.619786893665305
-4.543201455818686	1.6203109840566916
-4.513208086631654	1.6209777394896132
-4.509853464470579	1.6210568035575448
-4.507693340250389	1.6211080698808433
-4.504059943680503	1.621194928072903
-4.4997895979873554	1.6212973196761291
-4.486379864826097	1.6216256998170602
-4.470135804658275	1.6220404905604338
-4.459534132054457	1.6223112093848628
-4.405860177477259	1.6238021439162862
-4.402728684461497	1.6238943903705048
-4.400281220365133	1.623967409279681
-4.391739885027814	1.6242234681114243
-4.390332404148102	1.6242664506572977
-4.380808233351159	1.624557305839835
-4.355756289225059	1.6253531353160948
-4.304252443494432	1.6271270236363327
-4.302520907957096	1.627189973187656
-4.299389414941333	1.627304572808344
-4.293126428909808	1.6275360580616924
-4.280600456846758	1.6280083228825764
-4.255548512720658	1.6289912672076379
-4.205444624468458	1.6311213114535563
-4.202506604651846	1.6312534357137165
-4.198260895236602	1.6314460532349608
-4.193165337921361	1.6316789953256035
-4.1808860513420205	1.63225152865968
-4.156301721616533	1.633444201414903
-4.10721033209168	1.636023219565822
-4.104140510454906	1.6361937793891046
-4.101070688818131	1.6363654793097866
-4.094931045544582	1.6367123324548598
-4.083666367874657	1.6373616067797165
-4.079742020710359	1.637594686092318
-4.0580931859032905	1.6388937271417765
-4.008976039714901	1.6420900584215756
-4.005644973924467	1.6423196137303246
-4.002313908134033	1.6425508668272
-3.9956517765531636	1.64301852172604
-3.982327513391426	1.6439748211601823
-3.9556789870679503	1.6459746528756651
-3.952347921277516	1.64623310542849
-3.9483340263258278	1.6465474713577128
-3.942354723906212	1.6470201392579489
-3.9290304607444746	1.6480973736068059
-3.902381628083647	1.6503514659974263
-3.8990508686305647	1.6506428805339322
-3.896364223437596	1.650879725201325
-3.889001058729961	1.6515357228851775
-3.886023971571672	1.6518072948371745
-3.875733408097524	1.65274600716276
-3.8490848817740484	1.655291011415969
-3.7957878291270974	1.6608764686064132
-3.792679892481975	1.6612241047972447
-3.7895719558368532	1.6615742883517903
-3.783356082546609	1.6622823840764844
-3.7709243359661206	1.6637301085533327
-3.7681804451194636	1.6640642062717164
-3.745898870598633	1.6667772235254712
-3.742601832909603	1.6671925856689158
-3.740436216342743	1.6674672262461396
-3.7336290962246554	1.6683389368095616
-3.721197349644167	1.6699690285327422
-3.69531015253321	1.6735254626826137
-3.693225919838068	1.6738212730857187
-3.690117983192946	1.6742657433813544
-3.6824758050938002	1.6753760299217684
-3.6714703633222134	1.6770050355919057
-3.6466068701612366	1.6808598249430955
-3.5968798838392826	1.6893323130443525
-3.5935107030405007	1.6899462111688441
-3.5901415222417183	1.6905654731080493
-3.5840096545266458	1.6917073789147765
-3.5799192293351174	1.6924864322582303
-3.569926437449025	1.6943970039313414
-3.5429729910587673	1.6998325408002013
-3.539603810259985	1.7005397473759476
-3.5362346294612026	1.7012533600234643
-3.5294962678636383	1.7027001002806674
-3.5160195446685094	1.7056737842987642
-3.489066098278252	1.711960183444503
-3.4865639542961695	1.7125686193392098
-3.4823277366806877	1.7136064655843062
-3.475589375083123	1.7152841044668994
-3.4621126518879946	1.7187366279027925
-3.4505707894149587	1.7218702543720146
-3.4352455333072944	1.7260310757558057
-3.3812165281436943	1.7425731370195847
-3.378106261063752	1.7436108233763672
-3.3749602093816735	1.7446707928643526
-3.3686681061033417	1.7468223387795063
-3.3560838994894624	1.7512560437082065
-3.330915486261703	1.760682099411283
-3.327769434608233	1.7619161390081473
-3.3246233829547633	1.7631632029002429
-3.3183312796478237	1.7656972086063105
-3.305747073033944	1.7709306307372201
-3.294633003004635	1.7758676158470013
-3.2800619468553984	1.7823520193274645
-3.2774326041672763	1.7835799915858468
-3.2742865564992454	1.785066145426362
-3.2679944531923057	1.7880902425961034
-3.255410246578426	1.7943543297148223
-3.230241833350667	1.8078237426198078
-3.227095781697197	1.8096031773116035
-3.2239497300437274	1.8114053133052719
-3.217657626736788	1.8150795553976815
-3.2050734129614122	1.8227218435964405
-3.179905006895149	1.8393078231258468
-3.1768206266206676	1.8414719855410249
-3.173736246346186	1.8436671832237534
-3.1675674857972225	1.8481537293914732
-3.1552298689007596	1.8575345287519838
-3.1521455844248143	1.8599697483376485
-3.1490612041503323	1.8624430181364353
-3.1428924436013688	1.8675076731046354
-3.130554922503442	1.8781414820636202
-3.1275594755738645	1.8808324471992275
-3.1243861619544786	1.883730906615952
-3.1182174014055155	1.8895172001786305
-3.1058798803075884	1.9017332456827234
-3.081204838111735	1.929200682767024
-3.0781204578372536	1.9329686248812799
-3.0750360775627716	1.9368214714613323
-3.068867317013808	1.9447973196132218
-3.0565297959158815	1.9619552449934605
-3.0523867241743057	1.9681401050206415
-3.050360101478352	1.9712245855595478
-3.0437946667911753	1.9817124693004686
-3.0318547537200278	2.002485172322112
-3.0287703734455462	2.0083049444338945
-3.0256859931710647	2.0143336190731245
-3.019517232622101	2.027087478103383
-3.016622719028865	2.0334374048786645
-3.0133484720731376	2.040912930162139
-3.0071797115241745	2.056033048251828
-3.0041111738653488	2.064129400316937
-3.001010950975211	2.0727593972652585
-2.997926570700729	2.081859883733515
-2.994880661399284	2.091429673842301
-2.991630507583928	2.102393320573801
-2.99002861574239	2.108210744927557
-2.9886734298772843	2.1131322327902855
-2.985589049602803	2.1253322755877813
-2.982504669328321	2.138784072586166
-2.980780802121166	2.147262402147049
-2.979173304028752	2.155168404732057
-2.9775420142256213	2.1645253168348475
-2.9765085140135747	2.170453368750435
-2.9758134204720372	2.1744403544833784
-2.9726472230169803	2.196775182664492
-2.969122171615753	2.2305926387436634
-2.967278851578488	2.273796816899731
-2.966304458603235	2.2966348736917155
