-9.600995811319015	10.295102779260594
-9.599591644276224	10.254045119818244
-9.596950115841508	10.216443480405701
-9.596471273070009	10.209627247427585
-9.593350901863795	10.178118609298442
-9.589872736119066	10.149164047755301
-9.586587671144049	10.125146266240286
-9.583206055784174	10.10275816000949
-9.579826002050165	10.082072894870763
-9.57639955761875	10.06243337830291
-9.573061209704552	10.044311126781642
-9.566297978984803	10.010021169473236
-9.562916363624929	9.993848992013675
-9.559534748265055	9.978209921186581
-9.552771517545308	9.948284206749497
-9.547599334972627	9.926545702457119
-9.545957800407638	9.91964638951028
-9.539499489754672	9.893649560806242
-9.535863440745938	9.87943536094843
-9.532481825386064	9.866460041624975
-9.525718594666316	9.841145847268523
-9.51219213322682	9.792684036154817
-9.484963216673883	9.701770663855935
-9.481757594987954	9.691526546958654
-9.47837597962808	9.680811977848409
-9.471612748908331	9.659643182909909
-9.458086287468836	9.618251665206278
-9.431033364589844	9.538645429333073
-9.376927518831861	9.388850741370554
-9.375807557204483	9.385857838552262
-9.373607574850976	9.3799787680332
-9.371848682696557	9.375295068424819
-9.370287630870088	9.37113819171699
-9.363647742908316	9.353548271099724
-9.350367966984773	9.318714068232714
-9.323808415137687	9.250292251306416
-9.270689311443515	9.117571792878845
-9.164451104055171	8.863977553157952
-8.966254954578469	8.415733577791917
-8.751339179267521	7.947945423791096
-8.550703669256562	7.517826677735174
-8.354015127500846	7.095734266186549
-8.140606959910883	6.629665791704347
-7.9793277546517	6.262170357049374
-7.941479056256025	6.175927224445426
-7.938106439993968	6.16797594113913
-7.934733822367027	6.1600129219418385
-7.927988587113145	6.14405094086912
-7.914498116605381	6.111977767347583
-7.8875171755898545	6.047187270154582
-7.833555293558799	5.914576834438351
-7.831902438158642	5.910438747790195
-7.830182675931859	5.906133153297186
-7.82883760689705	5.902757488126459
-7.826810058304917	5.89766903170727
-7.820064823051036	5.880677831828091
-7.806574352543271	5.846431461785832
-7.779593411527744	5.776773713234322
-7.725631529496689	5.631667513217902
-7.72318896522511	5.624871909761625
-7.722244215868449	5.622242504618662
-7.719009637000784	5.613202656050452
-7.71544627438465	5.603174006100527
-7.712387744504879	5.594566146382094
-7.708958861908401	5.584771713588433
-7.6991439595130675	5.556735932489887
-7.672656389529445	5.478486370097524
-7.669345443281492	5.468424363677294
-7.6660344970335395	5.458292092171814
-7.659412604537634	5.437805538554965
-7.646168819545823	5.395855018057287
-7.619670818908963	5.307067954853932
-7.616370303314247	5.295447076428839
-7.6130593570662946	5.283639294169225
-7.606437464570389	5.259533968285661
-7.593193679578578	5.2090220573306585
-7.590499568580199	5.198283300529562
-7.589882733330625	5.19582458827327
-7.586359000585526	5.181465244853014
-7.5799498945867665	5.154523502870143
-7.566706109594956	5.094198326428642
-7.563395163347003	5.0778365027730334
-7.560084217099051	5.060800786108172
-7.556781773154169	5.043014338508478
-7.553462324603146	5.024175190211066
-7.55095031063873	5.009013064042659
-7.550147005559183	5.004162419444594
-7.54684043210724	4.982677074970151
-7.544269459171889	4.964367858289219
-7.543529485859287	4.9590981288680105
-7.540218539611335	4.932508446789703
-7.538358046353991	4.914750461100619
-7.536907593363382	4.90090621665187
-7.5338693764049545	4.861530009309807
-7.533596647115429	4.8579953555311315
-7.5316100793666605	4.804037991571992
