-5.0356453687913865	7.841728858146229
-5.035386900831461	7.848316876401373
-5.0341668245668405	7.8794150624444965
-5.030788646035126	7.918810251226087
-5.027472138882398	7.944480246361156
-5.024155631729672	7.964813307734736
-5.020839124576945	7.982000320598567
-5.017522617424218	7.997050394194623
-5.014206110271491	8.01052753592452
-5.012809991466141	8.015687384940955
-5.012178481389019	8.017963455995698
-5.010350488866022	8.024551855802148
-5.008701723747395	8.029955842644283
-5.004256588813309	8.044525201508025
-5.000940081660582	8.054304313328625
-4.997640259937276	8.063448574467518
-4.995227106835592	8.069602231634754
-4.990990560202401	8.080399238037684
-4.987674053049673	8.088224209211177
-4.9843575458969465	8.095689125103165
-4.980682900537345	8.103581666160114
-4.97422458988438	8.11660319096006
-4.972820676107083	8.119278213047313
-4.971657334516481	8.121494848071631
-4.964458502980585	8.134555240110029
-4.961449969092715	8.139475335345407
-4.951173476084071	8.156281303359307
-4.94787596721695	8.161272876961942
-4.944559460064222	8.16615054552821
-4.937926445758768	8.175509007750104
-4.92466041714786	8.192821574747667
-4.921343909995132	8.196889458621786
-4.918027402842405	8.200862687971586
-4.9113943885369515	8.208541452051243
-4.898128359926043	8.222927600331257
-4.894812316314259	8.226339445731204
-4.891495345620589	8.229684040257386
-4.8848623313151345	8.236177372840375
-4.871596302704226	8.24844520418817
-4.8682797955515	8.251373759627668
-4.864963288398773	8.254250455471247
-4.858330274093318	8.25985459341846
-4.84506424548241	8.270506105450005
-4.818532188260593	8.289854640895564
-4.815438810253179	8.291959463661431
-4.812345432245763	8.294035311790472
-4.806158676230934	8.298102674239143
-4.7937851642012745	8.30591698960581
-4.767901216843352	8.321011764551479
-4.765952825281291	8.322087976359624
-4.763842942580673	8.323239305025
-4.756664628112298	8.32709562299813
-4.744291116082639	8.333493821155841
-4.719544092023321	8.345435368908444
-4.716450714015907	8.34685377048141
-4.713357336008492	8.348256575286955
-4.7071705799936625	8.351016409398875
-4.694797067964004	8.356359743848053
-4.670050043904686	8.366390686602243
-4.62055599578605	8.384166391530673
-4.617614348735275	8.385137080333678
-4.6138467514639	8.386368896171632
-4.607137507141751	8.38852636363302
-4.595027436760095	8.392303130461512
-4.566755644837094	8.40062821797982
-4.563527375854552	8.401534783815668
-4.560172796886702	8.402467651206965
-4.553463552564553	8.404306376867307
-4.540045063920253	8.4078788980037
-4.513208086631654	8.414628194665314
-4.509853464470579	8.415436710123576
-4.506091925359359	8.416333551572539
-4.4997895979873554	8.41781763995937
-4.486371530415109	8.42089127765519
-4.470841847910637	8.424259949199167
-4.459534132054457	8.42671279540349
-4.405860177477259	8.437181851617874
-4.402696074856794	8.437754465176292
-4.400058100640765	8.43822807262987
-4.397411435329879	8.438697886211195
-4.393302306255305	8.43942730395763
-4.380808233351159	8.441591060241791
-4.355756289225059	8.4457284039926
-4.352624796209296	8.4462274815636
-4.349493303193534	8.446722665596326
-4.343230317162009	8.447701499333967
-4.330704345098959	8.449614028825753
-4.304294834510792	8.45345733717177
-4.302520907957096	8.453707123290275
-4.299389414941333	8.454144711410578
-4.293126428909808	8.455009938829935
-4.280600456846758	8.456701425269316
-4.255548512720658	8.45993486462433
-4.205444624468458	8.465850305416836
-4.202437223331153	8.466183586062389
-4.199274915223594	8.466531535872614
-4.193165337921361	8.467196547945157
-4.180890123434107	8.468504294128143
-4.156301721616533	8.471014184483202
-4.10721033209168	8.475620062057336
-4.104140510454906	8.475891275804688
-4.101070688818131	8.476160604784857
-4.094931045544582	8.476693667071274
-4.081216336826438	8.477854913149173
-4.0580931859032905	8.47974129427301
-4.008976039714901	8.483432298049049
-4.005644973924467	8.483668305640496
-4.002313908134033	8.483902577057393
-3.9956517765531636	8.484365967371138
-3.982327513391426	8.485272522619386
-3.9556789870679503	8.487007703311752
-3.9423245585586906	8.487804697928624
-3.902365165080448	8.49018947942767
-3.8990508686305647	8.490375344617872
-3.8965525625127766	8.490514439830497
-3.8890423119255018	8.490928556064496
-3.875733408097524	8.491645880147756
-3.8490848817740484	8.49302162428585
-3.7957878291270974	8.495547543735388
-3.792679892481975	8.49568613212888
-3.7895719558368532	8.495823803879736
-3.783356082546609	8.496096423196413
-3.7709243359661206	8.49663094248689
-3.746060842805144	8.497658482046228
-3.6954906484301233	8.49958842012468
-3.693225919838068	8.499670193505722
-3.690117983192946	8.499781679690223
-3.6834906728179444	8.500016803162282
-3.6714703633222134	8.500435478791642
-3.6466068701612366	8.501268252793663
-3.5968798838392826	8.502809013407651
-3.5935107030405007	8.5029077213546
-3.5901415222417183	8.503005737218887
-3.583403160756603	8.503199712886712
-3.5772705558285853	8.50337257163752
-3.569926437449025	8.503579579123457
-3.5429729910587673	8.50430805187754
-3.489066098278252	8.505648115528935
-3.4856971999029076	8.505726993171669
-3.4823277366806877	8.50580533566858
-3.475589375083123	8.505960378060468
-3.4621126518879946	8.506264053812982
-3.4352022985872535	8.506845681180675
-3.380688639626986	8.507929502685004
-3.378106261063752	8.50797791686041
-3.3749030464302816	8.508037572873837
-3.3686681061033417	8.508152590414804
-3.3560838994894624	8.508380280007884
-3.330915486261703	8.508818382574123
-3.293723962190996	8.509417748511824
-3.2798705246948794	8.509640371396774
-3.2760128585723463	8.509699084266062
-3.2742865564992454	8.509725241842567
-3.2679944531923057	8.509819666799965
-3.255410246578426	8.510004910967568
-3.230241833350667	8.510361410353902
-3.179905006895149	8.51102175368298
-3.1768206266206676	8.511060054844778
-3.173736246346186	8.511098116088185
-3.1675674857972225	8.511173524930474
-3.155338752188767	8.511320225196107
-3.1437040245009094	8.51145469872209
-3.130554922503442	8.511606620890278
-3.081204838111735	8.512135631612997
-3.0781204578372536	8.512166966699194
-3.0750360775627716	8.512198106155582
-3.068867317013808	8.512259803129096
-3.0565297959158815	8.512380903520727
-3.0318547537200278	8.512614197099882
-2.982504669328321	8.513047190409958
-2.9791619588583633	8.513074983082802
-2.9758134204720372	8.513102636400099
-2.9694873811330385	8.513154369821734
-2.9630290704800726	8.513206505904057
-2.9289746784780517	8.513470426185101
-2.875444687627783	8.513850232974601
-2.8720990631996415	8.51387263426179
-2.8687534387714995	8.513894884664122
-2.862062189915216	8.513938936912295
-2.8486796922026487	8.514025275473626
-2.8219146967775144	8.51419110938446
-2.7683847059272457	8.514497079804036
-2.7652622106444165	8.514513928371619
-2.7621397153615868	8.51453067120333
-2.755894724795928	8.514563842330197
-2.74340474366461	8.514628944896065
-2.718424781401974	8.514754335432638
-2.6684648568767027	8.514986957447968
-2.665342361593873	8.515000733882786
-2.6622198663110437	8.515014423987491
-2.655974875745385	8.515041547381115
-2.643484894614067	8.515094781933586
-2.6185049323514313	8.51519731948366
-2.5685450078261596	8.515387563752016
-2.5651612683896703	8.515399770727834
-2.5617775289531806	8.51541189492937
-2.5550100500802015	8.51543589726278
-2.541475092334243	8.515482933207142
-2.5144051768423266	8.51557325148534
-2.4602653458584935	8.515739795259606
-2.4568816064220043	8.51574961500017
-2.4534978669855145	8.515759368223769
-2.4467303881125355	8.515778676926974
-2.433195430366577	8.515816515833096
-2.4061255148746605	8.515889176917163
-2.351985683890827	8.516023171541145
-2.348663615833326	8.5160309290079
-2.345341547775824	8.516038634925076
-2.3386974116608217	8.51605389348333
-2.325409139430816	8.516083806975523
-2.298832594970805	8.516141293419532
-2.2456795060507826	8.516247466896061
-2.242357437993281	8.516253734366298
-2.2390353699357797	8.516259960215972
-2.2323912338207768	8.516272288160422
-2.2191029615907714	8.516296456674011
-2.19252641713076	8.516342903838959
-2.139373328210738	8.516428692578492
-2.136274389298549	8.516433417799322
-2.13317545038636	8.516438113758026
-2.126977572561982	8.51644741861442
-2.1145818169132253	8.516465685097605
-2.089790305615713	8.516500884334942
-2.0402072830206883	8.516566247150577
-2.0371083441084994	8.516570120698661
-2.0340094051963105	8.516573970268627
-2.027811527371932	8.516581598068099
-2.015415771723176	8.516596572410924
-1.9906242604256632	8.516625428160639
-1.9410412378306383	8.516679012967273
-1.9376810547647891	8.516682455391665
-1.9343208716989402	8.516685874724084
-1.9276005055672418	8.516692644732503
-1.9141597733038451	8.516705914402035
-1.8872783087770517	8.516731405725318
-1.833515379723465	8.516778450199634
-1.8301551966576157	8.516781225688966
-1.8267950135917665	8.51678398256566
-1.8200746474600682	8.51678944098017
-1.8066339151966715	8.516800139900175
-1.7797524506698783	8.516820692989276
-1.7259895216162917	8.51685862470583
-1.7228524676957548	8.516860714462233
-1.719715413775218	8.51686279113535
-1.7134413059341445	8.516866905559183
-1.7008930902519972	8.516874980980718
-1.6757966588877025	8.516890535806056
-1.6256037961591132	8.51691939639841
-1.6224667422385763	8.516921105716298
-1.6193296883180395	8.516922804334635
-1.6130555804769657	8.51692616974035
-1.6005073647948185	8.516932775078384
-1.5754109334305237	8.516945498320348
-1.5252180707019345	8.516969105448283
-1.5221426881603857	8.516970476230018
-1.519067305618837	8.516971838600691
-1.5129165405357399	8.516974538315107
-1.5006150103695455	8.516979839062365
-1.4760119500371562	8.516990056979784
-1.4268058293723778	8.517009043696786
-1.4237304468308292	8.517010169433098
-1.4206550642892806	8.517011288262754
-1.4145042992061831	8.517013505371436
-1.4022027690399885	8.51701785855705
-1.3775997087075993	8.51702624995433
-1.3283935880428208	8.517041842792478
-1.3250569613476122	8.517042845581102
-1.3217203346524034	8.517043841697157
-1.3150470812619859	8.51704581408894
-1.301700574481151	8.517049680736399
-1.2750075609194809	8.517057111046753
-1.221621533796141	8.517070832496387
-1.2182849071009323	8.517071642395173
-1.2149482804057234	8.517072446905344
-1.208275027015306	8.51707403990307
-1.1949285202344708	8.517077162797333
-1.1682355066728007	8.517083163900205
-1.1148494795494608	8.517094246120077
-1.1117359819995642	8.517094856636106
-1.108622484449668	8.517095463361159
-1.1023954893498753	8.517096665532378
-1.0899414991502896	8.517099025409413
-1.0650335187511182	8.517103572383242
-1.0152175579527754	8.517112014016968
-1.012104060402879	8.517112514206753
-1.0089905628529825	8.517113011290794
-1.0027635677531896	8.517113996218674
-0.9903095775536039	8.517115929646204
-0.9654015971544325	8.517119654950825
-0.9155856363560897	8.51712657114805
-0.9121100387134302	8.517127028447403
-0.9086344410707708	8.517127482578378
-0.901683245785452	8.517128381422879
-0.8877808552148143	8.51713014204731
-0.8599760740735388	8.517133519755669
-0.804366511790988	8.51713973684868
-0.8008909141483285	8.51714010293188
-0.7974153165056691	8.51714046647879
-0.7904641212203503	8.517141186033916
-0.7765617306497126	8.517142595473864
-0.7487569495084371	8.517145299448838
-0.7452813518657777	8.517145626993653
-0.7418057542231182	8.517145952269216
-0.7348545589377993	8.517146596075372
-0.7209521683671616	8.517147857141257
-0.7174765707245021	8.517148166966274
-0.7140009730818427	8.517148474644822
-0.7070497777965239	8.51714908362189
-0.7035741801538644	8.517149384949848
-0.700098582511205	8.51714968419021
-0.6966229848685457	8.517149981357441
-0.6931473872258862	8.517150276465905
