-5.03568700490611	7.805097856967334
-5.0356012100463055	7.802738771944445
-5.0341668245668405	7.763297745881652
-5.030788646035126	7.717118742616038
-5.027472138882398	7.684788593718681
-5.024155631729672	7.65779519573152
-5.020839124576945	7.633947662155647
-5.017522617424218	7.612236882493203
-5.014206110271491	7.592098848077918
-5.01242988315013	7.581966689093383
-5.0108896031187635	7.573180446629903
-5.005811837505801	7.5463386418753124
-5.004256588813309	7.538117371944667
-5.000940081660582	7.52167660813831
-4.997510790649713	7.505310273337924
-4.990990560202401	7.475595563730821
-4.980682900537345	7.431705734153361
-4.97422458988438	7.40570890544933
-4.972680539638249	7.399664599554442
-4.971091517286039	7.393444246820043
-4.964458502980585	7.36813447174805
-4.951192474369677	7.319779672083667
-4.949602713497312	7.31439333633636
-4.92466041714786	7.229885291898651
-4.921343909995132	7.219150738814658
-4.918027402842405	7.208510612837902
-4.9113943885369515	7.187497367001152
-4.898128359926043	7.146439456808769
-4.871596302704226	7.067566770895224
-4.818532188260593	6.9193978598242465
-4.815438810253179	6.911067335814321
-4.812345432245763	6.902765540140325
-4.806158676230934	6.886245537339898
-4.7937851642012745	6.853522915110135
-4.769038140141957	6.789227048139843
-4.719544092023321	6.6644642574654505
-4.62055599578605	6.426071198089424
-4.405860177477259	5.938578444448095
-4.205444624468458	5.50175971709426
-4.008976039714901	5.0802718079869145
-3.7957878291270974	4.622993730940132
-3.5968798838392826	4.189460526254299
-3.4579283653503126	3.873963661497114
-3.380883057317588	3.6989979481575914
-3.378106261063752	3.6924658669184627
-3.3749600897829684	3.685054910252779
-3.3686681061033417	3.6702033680401103
-3.3560838994894624	3.6403735602905702
-3.330915486261703	3.580172575565736
-3.2806858176488287	3.457520770289822
-3.277411935800359	3.449398316639657
-3.2742865564992454	3.4416238107572994
-3.2679944531923057	3.4259210820162806
-3.255410246578426	3.394303337502198
-3.230241833350667	3.3301405987553614
-3.179905006895149	3.197322522009208
-3.1768206266206676	3.188951297883268
-3.173736246346186	3.1805492784081704
-3.1675674857972225	3.1636498023002346
-3.154709341142175	3.127963977017999
-3.130554922503442	3.059203827080722
-3.1275594755738645	3.050488326333223
-3.1243861619544786	3.041207816919691
-3.1182174014055155	3.0230157986856825
-3.1058798803075884	2.985990843168718
-3.081204838111735	2.9089154468711858
-3.0781204578372536	2.898947409121771
-3.0750360775627716	2.8888946625363663
-3.068867317013808	2.868519596313035
-3.0565297959158815	2.8265655283453124
-3.0534454156413995	2.815795589555019
-3.051099632482609	2.8075096578279912
-3.050361035366918	2.804900735834725
-3.0437946521239114	2.781216172290785
-3.0318547537200278	2.7364522230457986
-3.0287703734455462	2.7244353410549285
-3.0256859931710647	2.712209733272885
-3.019517232622101	2.687062533706294
-3.016498611072064	2.6743760386647937
-3.01467202655633	2.6665298394359547
-3.0133484720731376	2.6608444347498383
-3.0071797115241745	2.633332354668435
-3.0041111735556316	2.619072098050882
-3.001010950975211	2.6042147199493684
-2.994842340866783	2.573033715862537
-2.991757810151766	2.556457429059993
-2.990028485410427	2.546703916208747
-2.9886734298772843	2.5390613079462745
-2.982504669328321	2.5010201606882534
-2.979159300792441	2.4778484059330568
-2.9758134204720372	2.4519259350883327
-2.972647226446793	2.423232772271441
-2.9724560275746383	2.4210145571094364
-2.969122171615753	2.3823364532451876
-2.9672788516444415	2.3354307126854232
-2.9662783908518335	2.309972650542851
