4.429799496335274	9.210340371976184
4.429827818161469	8.407043570868721
4.42991157498291	7.761438208131857
4.42999533180435	7.372301071965084
4.43007908862579	7.092857446139214
4.4301628454472315	6.87466834006578
4.430246602268672	6.695645544048238
4.430330359090112	6.543842429056943
4.430414115911553	6.41206185825034
4.430497872732993	6.295630700394133
4.430576056255514	6.19795425307014
4.430654239778036	6.108966581970275
4.430732423300557	6.027246678195898
4.430810606823078	5.951695933731302
4.430888790345599	5.8814474324647845
4.43096697386812	5.8158050571064415
4.431123340913162	5.6961677455536295
4.431201524435683	5.641312652114645
4.431279707958204	5.589305643677685
4.431436075003246	5.492749829111109
4.431514258525767	5.447750251447817
4.431592442048288	5.404684446368294
4.43174880909333	5.32373492703501
4.431826992615851	5.285586121948245
4.431905176138372	5.248835655210485
4.432061543183414	5.179143797941567
4.432374277273499	5.052794225477507
4.43245246079602	5.023545307294116
4.4325306443185415	4.99512478307628
4.4326870113635835	4.940589752176809
4.432999745453667	4.8396755639257165
4.433077928976188	4.815955668950263
4.433156112498709	4.792783067086516
4.433312479543751	4.747982427760729
4.433625213633836	4.663962522655772
4.433703397156357	4.644011004369565
4.433781580678879	4.624447806642237
4.433937947723921	4.586427750817641
4.434250681814005	4.514446238711948
4.434328865336526	4.497227943584695
4.434407048859047	4.48029940215976
4.434563415904089	4.447273576398663
4.434876149994174	4.384305679597947
4.435501618174342	4.26907957865626
4.435578261274928	4.255825349266016
4.435654904375514	4.2427432064254225
4.435808190576685	4.217077638122381
4.436114762979027	4.167627563825863
4.4367279077837125	4.075456649339733
4.436804550884299	4.064505567982121
4.436881193984884	4.053672044357841
4.437034480186055	4.032347716222691
4.437341052588398	3.9910045251563986
4.437954197393083	3.913072922798664
4.438030840493669	3.9037408764359838
4.438107483594254	3.8944941990646016
4.438260769795425	3.876250769687414
4.438567342197768	3.840722619140722
4.439180487002453	3.7732037610501306
4.440406776611823	3.6503356523187693
4.440489945044441	3.642518181413169
4.440573113477059	3.6347605189933123
4.440739450342296	3.6194209827143067
4.441072124072768	3.5894207371880547
4.441737471533714	3.5319563744167355
4.443068166455605	3.425946434940908
4.443151334888223	3.419673894562694
4.443234503320841	3.41343978725718
4.443400840186078	3.4010849920723887
4.443733513916551	3.376816393482726
4.444398861377497	3.3299482441136914
4.445729556299388	3.242220002575677
4.445807151433087	3.2373299213426887
4.445884746566785	3.2324631519045752
4.4460399368341825	3.222798657722063
4.446350317368978	3.2037397890376806
4.446971078438568	3.1666565403139098
4.448212600577748	3.09629558522722
4.450695644856109	2.968596816087852
4.45077976532184	2.9645370362908166
4.450863885787571	2.9604932365969625
4.451032126719033	2.9524530711002264
4.451368608581959	2.9365590138524986
4.4520415723078095	2.905489485807254
4.453387499759511	2.846029983271174
4.456079354662913	2.7365022208998493
4.456157901829725	2.733474283546183
4.4562364489965365	2.7304551847839376
4.456393543330161	2.7244432942622896
4.456707731997408	2.7125233054593694
4.457336109331903	2.689087380981732
4.458592864000893	2.6437483384900595
4.461106373338874	2.558611344593049
4.466034805010966	2.4095155136338917
4.471380857933141	2.268683851723751
4.476370219724473	2.1523232711216593
4.481777202765888	2.039155962730566
4.487085598803435	1.9386290338810555
4.492037303710138	1.852649455583879
4.497406629866925	1.766555801575566
4.502419264892867	1.6919063719423084
4.507333312914942	1.6233624265501847
4.5126649821871	1.5535291243483684
4.517639960328413	1.4921194243327391
4.523032559719811	1.4291736188353261
4.52832657210734	1.3706425889317726
4.533263893364025	1.3186693199640542
4.538618835870794	1.2648737065981854
4.543617087246719	1.2168571674342055
4.549032959872728	1.1670067711925887
4.554350245494868	1.1200787806577677
4.559310839986164	1.0779510126496552
4.564689055727544	1.0339369272053383
4.5697105803380795	0.9942855117678321
4.574633517944747	0.9566691881177529
4.5799740768014985	0.9171721304894029
4.584957944527406	0.8814616387820471
4.590359433503397	0.843928360023413
4.595662335475519	0.8081882704545986
4.600608546316797	0.7757808694638169
4.605972378408159	0.7415900120099895
4.610979519368677	0.7105167610080427
4.615888073325327	0.6808028022180193
4.621214248532061	0.649353303853213
4.6261837326079505	0.6207152951600788
4.631570837933924	0.5903997912325119
4.636601252129053	0.5627423933110223
4.641533079320314	0.5362077337376159
4.646882527761658	0.5080456334440552
4.651875285072158	0.4823162933447572
4.657285663632742	0.4550118605743491
4.6625974551894585	0.4287626627277575
4.66755255561533	0.4047524634620822
4.672925277291286	0.37921603765982004
4.677941307836398	0.35582291285085943
4.6828587513776405	0.33329265938955055
4.688193816168967	0.30928272133720014
4.69317218982945	0.28726961826451913
4.698568184740016	0.2638203618014428
4.703865592646714	0.2411992215588483
4.7088063094225685	0.22044496578197229
4.714164647448507	0.19829789656286212
4.719166294343601	0.17795271139902993
4.724585562488778	0.15625326992838284
4.7299062436300865	0.13528517771399431
4.734870233640551	0.11601333485392099
4.7402518449011	0.09542657494389409
4.7452767650308045	0.07648293579881427
4.750203098156641	0.058164025937067286
4.755547052532561	0.03856680607347319
4.760534315777638	0.020527723345781148
4.765939200272797	0.0012424184608371511
4.771245497764088	-0.017431632770463234
4.776195104124535	-0.034625452113104194
4.781562331735066	-0.05303166926205243
4.786572868214753	-0.0699970801344057
4.791484817690572	-0.08643030880356925
4.7968143884164745	-0.10404451392239618
4.801787268011533	-0.12028227291535346
4.807177768856675	-0.13767399759383653
4.812469682697948	-0.15454104395962054
4.817404905408377	-0.17009150566573558
4.822757749368891	-0.1867667757399962
4.82775390219856	-0.20215588006651994
4.833167676278313	-0.2186453605672239
4.838482863354198	-0.23465099457311842
4.843441359299239	-0.2494225039304978
4.848817476494363	-0.26526773884186117
4.853836902558642	-0.27990534868403
4.858757741619054	-0.2941122238934076
4.8640962019295495	-0.30936799833313366
4.869077971109201	-0.32346047973072745
4.874477361538936	-0.3385808701969092
4.8797781649648035	-0.3532732976525312
4.884722277259827	-0.3668443708337012
4.890084010804933	-0.3814200867669962
4.895089053219195	-0.3948958512023136
4.899995508629589	-0.40798653658666284
4.905319585290067	-0.42206013730684366
4.9102869708197	-0.4350700430541035
4.915671977599418	-0.4490446168268822
4.9207002932482915	-0.4619746388412478
4.925630021893297	-0.47454181078988605
4.930977371788385	-0.48805352112913547
4.93596803055263	-0.5005533018762086
4.941376310566958	-0.5139807556851517
4.946686003577418	-0.5270459591092648
4.951639005457034	-0.5391304776818003
4.957009628586734	-0.5521236206363341
4.96202356058559	-0.564152062734287
4.9669389055805775	-0.5758502698536431
4.972271871825648	-0.5884392345813608
4.977248146939875	-0.600091008043962
4.982642043304185	-0.6126186309065315
4.987937352664628	-0.624815823798482
4.992875970894226	-0.6361023448974493
4.998232210373908	-0.6482477118826088
5.003231758722746	-0.6594959845995602
5.0086489283216675	-0.6715891936281494
5.0139675109167205	-0.683368090893596
5.018929402380929	-0.6942741983152879
5.024308915095222	-0.7060093066370925
5.029331736678671	-0.716884076086661
5.0342559712582515	-0.7274694663044184
5.039597827087916	-0.7388688494554764
5.044582991786736	-0.749429599199939
5.04998577773564	-0.7607918706882626
5.055289976680675	-0.7718638836027367
5.060237484494866	-0.7821183594426407
5.065602613559141	-0.7931599599590539
5.070611051492572	-0.8033948350355755
5.075520902422135	-0.8133610986116697
5.080848374601782	-0.8241008972702059
5.085819155650585	-0.8340529527203168
5.09120755794947	-0.8447672740014411
5.096239269117512	-0.8547039031303071
5.1011723932816855	-0.864382518301526
5.106523138695943	-0.8748105334056693
5.111517192979356	-0.884478562785683
5.116928868512853	-0.8948853303018904
5.122241957042482	-0.9050328644061619
5.127198354441267	-0.9144377352307326
5.132572373090135	-0.9245689180069736
5.13758970060816	-0.9339663198270907
5.142508441122316	-0.9431222695293049
5.1478448028865555	-0.9529927627625282
5.152824473519951	-0.9621452162638406
5.158221765403431	-0.9720024752209537
5.163520470283042	-0.9816169300427781
5.168462484031809	-0.9905288021679618
5.17382211903066	-1.0001340692331624
5.178825062898667	-1.00904467966266
5.183729419762805	-1.0177283515763254
5.189051397877027	-1.0270945925469355
5.194016684860405	-1.0357802986536804
5.199399593093867	-1.0451396261445065
5.204425810196485	-1.0538258979020032
5.209353440295234	-1.062292761673419
5.214698691644068	-1.0714228978958036
5.219687251862057	-1.079893337295547
5.225093433330129	-1.0890184988056253
5.230401027794334	-1.0979228094254816
5.235351931127694	-1.1061806032757329
5.240720455711138	-1.11508303246647
5.245732289163738	-1.1233457044044273
5.2506455356124695	-1.1314010544692068
5.255976403311285	-1.140091444669375
5.260950579879257	-1.1481542062644738
5.2663423776973115	-1.156844087292588
5.271635588511498	-1.165325173027229
5.2765721081948405	-1.1731906295899877
5.281926249128267	-1.1816738250756662
5.286923698930849	-1.1895475446760386
5.292338769983515	-1.1980314006616661
5.297655254032313	-1.2063128506990033
5.302615046950267	-1.2139962590681257
5.307992461118304	-1.2222807847806587
5.313013184155497	-1.2299731331716968
5.3179353201888215	-1.2374748118843575
5.32327507747223	-1.245569008892324
5.328258143624795	-1.2530816147279464
5.333658831027443	-1.261179647076203
5.338960931426223	-1.2690855388235827
5.34390634069416	-1.2764203500365623
5.349269371212179	-1.2843321471743034
5.354275710599354	-1.2916782535545002
5.359183462982661	-1.2988430053141955
5.364508836616052	-1.3065766858973846
5.369477519118599	-1.3137544394069678
5.374863822871229	-1.3214944805612856
5.379893435493016	-1.3286837639400901
5.384824461110934	-1.335696610038694
5.390173107978936	-1.3432639555657775
5.395165063716093	-1.350289922641431
5.400574640703335	-1.357863970613939
5.405885630686708	-1.3652601377532505
5.410839929539237	-1.3721242665400317
5.41621184964185	-1.3795288055877515
5.421227078613619	-1.386406095537152
5.4261437205815195	-1.3931150882289038
5.431477983799503	-1.4003571561952606
5.436455555886643	-1.4070806910442513
5.441850749223867	-1.414331258762913
5.447147355557222	-1.421412106921111
5.452087270759733	-1.4279831171277229
5.457444807212329	-1.4350739214178372
5.46244565253408	-1.4416593454621016
5.467864119105914	-1.4487587075557933
5.47318399867388	-1.4556927324692246
5.478147187111002	-1.4621297675587486
5.483527996798208	-1.469073718270539
5.48855211535457	-1.4755249811032067
5.493477646907063	-1.4818195147134843
5.498820799709641	-1.4886142387289307
5.503807261381374	-1.494924135025691
5.509211344303191	-1.501728684219269
5.514516840221139	-1.5083751296526424
5.5194656450082435	-1.5145446064320922
5.524832071045432	-1.5212020819704362
5.529841805951776	-1.5273866175847586
5.534752953854252	-1.533421110461824
5.540081723006812	-1.5399372247498717
5.545053801028527	-1.5459877772105126
5.550443500300326	-1.5525147015270324
5.555476508441281	-1.5585799682372188
5.560410929578367	-1.5644987594667792
5.565762971965538	-1.5708877136089976
5.570758323221864	-1.576822167492605
5.576171295728274	-1.5832216737670886
5.5814856812308165	-1.589473382040216
5.5864433756025145	-1.5952777598756036
5.5918186912242955	-1.601541033611762
5.5968373157152325	-1.6073606520180395
5.601757353202301	-1.6130398255833756
5.607095011939454	-1.6191719879438444
5.612075979545763	-1.6248672457024491
5.617474568402155	-1.6310106313122916
5.62277457025468	-1.6370122822931727
5.62771788097636	-1.642583799197106
5.633078812948123	-1.6485975790293108
5.6380830537890425	-1.6541846945932008
5.642988707626094	-1.6596370177671471
5.648311982713229	-1.6655259733706034
5.6532785666695196	-1.6709946497030572
5.658662771875894	-1.6768953260646458
5.663690285951425	-1.6823791008774993
5.668619213023088	-1.6877311124830525
5.673965761344833	-1.693509625415504
5.678955618535735	-1.6988774569866478
5.68436309697672	-1.7046672661697642
5.689671988413838	-1.7103240770919614
5.694624188720111	-1.715576453832308
5.699994010276468	-1.721245340126534
5.705007140701981	-1.7265129936383798
5.709921684123626	-1.7316540539088654
5.715253848795354	-1.7372063697593563
5.7202293223362375	-1.7423633572558805
5.725622417127205	-1.7479272786591102
5.730916924914305	-1.7533634057475855
5.73585474157056	-1.7584101399630518
5.7412101794769	-1.763858578138252
5.746208926252395	-1.7689206646143212
5.751625294277974	-1.7743802298113696
5.756943075299684	-1.779714827740117
5.7619041651905505	-1.7846688675230689
5.7672828763315005	-1.79001527102035
5.772304896341606	-1.7949840851625056
5.777228329347844	-1.7998338715227884
5.782569383604166	-1.8050711033495963
5.787553746729643	-1.809936231668757
5.792955731105205	-1.8151847606698
5.798259128476897	-1.8203131152548002
5.803205834717746	-1.8250748867552662
5.808570162208678	-1.8302151575704315
5.813577798568766	-1.834991673704569
5.818486847924986	-1.8396536739645444
5.82381351853129	-1.8446894591860528
5.82878349800675	-1.849366722137582
5.834171098732294	-1.8544138933978405
5.8392020083269935	-1.85910530942719
5.844134330917825	-1.8636846398563605
5.84948427475874	-1.8686292593188183
5.85447752746881	-1.8732232446165045
5.8598884014289645	-1.8781787206093667
5.865200688385251	-1.8830210171665143
5.870156284210693	-1.887517837262012
5.875529501286219	-1.8923715404129131
5.880546027230901	-1.8968824096084265
5.885463966171715	-1.9012853859008578
5.890799526362612	-1.906040811124059
5.895778395422664	-1.9104582976736155
5.901174885732801	-1.9152245874114997
5.90647278903907	-1.9198819231733817
5.911414001214494	-1.9242062535198228
5.916772834640002	-1.92887496127236
5.921774976934667	-1.93321319078967
5.927194740479414	-1.9378922234977143
5.932515917020293	-1.9424646067956344
5.937480402430328	-1.9467113451609919
5.942862509090447	-1.951294547239242
5.947887924619722	-1.955554580671178
5.9528147531451285	-1.9597129186116846
5.958159202920619	-1.964203542441043
5.963146961565266	-1.9683755901951097
5.968552341459995	-1.97287648920404
5.973859134350857	-1.9772746823348963
5.978809236110874	-1.9813589303713284
5.984176959120975	-1.985767857089438
5.989187991000232	-1.9898652110530786
5.994100435875621	-1.993864605067633
5.999430502001094	-1.9981846599623372
6.004403876995723	-2.002197544998399
6.009794873240435	-2.0065277880636483
6.015087282481279	-2.0107590920620364
6.020023000591278	-2.014687667953194
6.025376339951362	-2.018929587208674
6.030372988180601	-2.022871053496389
6.0357872576599245	-2.0271226215359057
6.04110294013538	-2.0312773084076223
6.046061931479991	-2.0351359007814964
6.051438544074685	-2.0393006545904515
6.056458465538535	-2.043171546679367
6.061379799998517	-2.046950024280983
6.066718755708583	-2.05103086804632
6.071701020287804	-2.0548219972369286
6.07710090611711	-2.0589123729238388
6.0824022049425475	-2.0629094028572057
6.087346812637141	-2.0666209036554353
6.092709041581817	-2.0706278571424575
6.0977145793956495	-2.0743514254016997
6.102621530205614	-2.0779859367760753
6.107946102265662	-2.0819122463352366
6.112913983194866	-2.0855591547725396
6.118299485374154	-2.089494857583995
6.1233282964225975	-2.0931532656092418
6.128258520467173	-2.0967244335889377
6.133606365761832	-2.1005808056917235
6.138597519925646	-2.1041637976965255
6.144006295339545	-2.10802904288023
6.149316483749575	-2.1118061625643247
6.1542699810287615	-2.1153138541988596
6.159641099558032	-2.1191002091438405
6.164655526956458	-2.1226191604716846
6.169571367351016	-2.126054036127932
6.174904828995657	-2.1297641163729284
6.179881599509454	-2.133210557026423
6.185275991273334	-2.136929359549322
6.190571796033347	-2.140563229484156
6.195510909662516	-2.14393726089763
6.200867644541768	-2.1475801948192554
6.205867688290176	-2.1509652371274273
6.211285353288668	-2.154616389157927
6.216604431283291	-2.1581843562690204
6.22156681814707	-2.161498167190718
6.226946826260933	-2.165074689547006
6.231970143243952	-2.1683989692703527
6.236894873223103	-2.171643892073562
6.242237224452338	-2.1751482516968488
6.2472228845507285	-2.1784039279381155
6.252626165899203	-2.1819163497322798
6.257930860243809	-2.1853486009874676
6.26287886345757	-2.188535763792368
6.268244487921415	-2.1919763964946504
6.273253421254417	-2.195173782167147
6.27816376758355	-2.198294680982433
6.283491735162767	-2.201665893197962
6.28846301161114	-2.204797284437674
6.293851909309597	-2.208176394961666
6.298884115877209	-2.2113174957502033
6.303817735440953	-2.214383665002786
6.309168976254781	-2.2176944507562637
6.314163525937764	-2.2207705966311697
6.319575696870832	-2.224088809066415
6.324889280800031	-2.2273313176960396
6.329846173598386	-2.2303425904858054
6.335220687646825	-2.2335928258828255
6.34023851056442	-2.2366135691848457
6.345157746478146	-2.2395620969529677
6.350494603641956	-2.242746596044078
6.355474769674922	-2.245704848045583
6.360872556957972	-2.2488966131214414
6.3661717572371535	-2.252015416135776
6.371114266385491	-2.2549112506037754
6.376474396783912	-2.258037605214706
6.38147783605149	-2.260942670599221
6.386382688315198	-2.26377813330811
6.39170516182899	-2.2668412319163846
6.396670944211938	-2.2696861670025985
6.40205434784497	-2.2727563677544356
6.407081060347158	-2.275610057455275
6.412009185845478	-2.2783955612174194
6.417354932593882	-2.2814034950419435
6.422343988211441	-2.284197993348456
6.427750665079084	-2.287212591478192
6.433058754942858	-2.2901582957543924
6.438010153675789	-2.2928936719422457
6.443379173658803	-2.295846310884706
6.448391502510973	-2.298590213523091
6.453305244359275	-2.301268406576022
6.458636607457661	-2.304161128248033
6.463611279425203	-2.3068480766230763
6.469003572642828	-2.309747306799791
6.474297278856585	-2.3125801434911186
6.479234293939498	-2.315210201057078
6.484588930272494	-2.3180498045340485
6.489586875474647	-2.3206881625340294
6.495002441926883	-2.32353385807439
6.500319421375251	-2.326314530932426
6.5052797096927755	-2.328896903565372
6.510657619260383	-2.331683925190542
6.515678837697146	-2.3342741554119932
6.520601469130041	-2.3368023812521197
6.52594172181302	-2.3395326650506125
6.530925283365154	-2.342068966063145
6.536326466167373	-2.3448051958586906
6.541629061965724	-2.347478773616424
6.54657496663323	-2.3499612066740316
6.5519384925508195	-2.352640976083063
6.556945327337565	-2.3551310546035213
6.561853575120442	-2.357561389341363
6.567179444153403	-2.3601865621594302
6.57214862205552	-2.362624750532327
6.577535421207721	-2.3652557240609107
6.582565529229078	-2.367701144036764
6.587497050246567	-2.3700880466693306
6.592846192514139	-2.372665278471207
6.597838643650866	-2.3750596201717205
6.603248716037678	-2.3776422728756317
6.608560201420621	-2.3801657950695496
6.613514995672721	-2.3825091184098866
6.618887411174904	-2.3850382957738683
6.623903135546243	-2.3873886529885766
6.628820272913714	-2.3896826376998446
6.634155031531268	-2.39216010873408
6.639133099017978	-2.394461326069096
6.644528787754772	-2.3969440841262966
6.649825889487698	-2.399369877893046
6.654766300089779	-2.4016220114444278
6.660124331941945	-2.404053316885909
6.665125672663266	-2.406312290635375
6.670544634634671	-2.408748524252406
6.675865009602207	-2.4111289817315704
6.680828693438899	-2.4133396586744547
6.686209998525675	-2.4157252680732713
6.691234612481607	-2.417942403980623
6.696160639433671	-2.42010637840648
6.701504287635819	-2.4224430425147525
6.706491244707123	-2.424613665928813
6.7118958230285095	-2.4269551361014394
6.717201814346028	-2.4292428852496295
6.722151114532703	-2.43136705189885
6.727518035969461	-2.4336598218547074
6.732528266275375	-2.4357902686385917
6.737439909577422	-2.437869513598305
6.742769174129552	-2.4401152001561237
6.747741747550838	-2.4422009075698763
6.753131942222207	-2.4444512802807123
6.758423549889708	-2.4466499114129987
6.763358466426364	-2.448690932082663
6.768711004213105	-2.450894455569791
6.773706850869002	-2.4529415819760696
6.779120318774982	-2.4551494657985287
6.784435199677095	-2.457306693897896
6.789393389448363	-2.459309854772256
6.794769200469714	-2.4614716487217883
6.799788320360221	-2.4634805691275754
6.8047088532468605	-2.465441221692016
6.8100470073835835	-2.467558460486893
6.815028470389462	-2.469525047234924
6.820427554645425	-2.4716465383089954
6.82572805189752	-2.4737192516209223
6.83067185801877	-2.475643557479493
6.836033285390104	-2.47772072050369
6.8410380216305935	-2.4796506259899105
6.845944170867215	-2.4815340540459028
6.85126794135392	-2.483568366946816
6.856235020709781	-2.4854575623494153
6.861619721315726	-2.4874960219350255
6.866647730790827	-2.489390495600465
6.87157715326206	-2.491239463464522
6.876924196983376	-2.493235757425022
6.881914549573848	-2.495090171015681
6.8873225234144035	-2.49709031817258
6.892631910251091	-2.499044477889266
6.897584605956935	-2.5008588843983697
6.902954922912862	-2.5028170865022306
6.907968548737945	-2.504636625247916
6.91288358755916	-2.5064123567294536
6.9182162476304585	-2.5083300167847833
6.923192216570913	-2.510111041359378
6.928585806761451	-2.512032460376383
6.933880809948121	-2.5139096079110104
6.938819122003947	-2.515652168774767
6.944175055309857	-2.517533257102719
6.949174297484922	-2.5192808083899356
6.954591160910072	-2.5211653802512703
6.959909437331353	-2.5230066220399268
6.96487102262179	-2.5247163414260494
6.9702502291623105	-2.5265612480368014
6.975272744571987	-2.528275664533178
6.980196672977795	-2.5299488159878183
6.985538222633687	-2.5317553885433357
6.990523081158734	-2.533433391370995
6.995925560933866	-2.535243364077518
7.00122945370513	-2.5370116337965505
7.006176655345549	-2.5386532737139174
7.011541478236052	-2.540425117827845
7.01654960999571	-2.5420713260746153
7.021459154751501	-2.54367781964216
7.026786320757375	-2.545412816615248
7.031756795632405	-2.5470240267124638
7.037144891757519	-2.5487623426789012
7.042176296751789	-2.5503778495377065
7.047109114742191	-2.551954483052009
7.0524595539826755	-2.5536565518368
7.057453302092316	-2.5552376300909745
7.062864671452041	-2.5569427708858625
7.068177453807897	-2.5586086252371985
7.07313354503291	-2.560155325860463
7.078507257508006	-2.5618244192289574
7.083524278852258	-2.563375300049886
7.088442713192642	-2.5648887772070066
7.0937787687831095	-2.5665230387824733
7.0987581332427325	-2.5680408382867856
7.1041551189524395	-2.56967810064967
7.109453517658278	-2.571277561487666
7.114395225233273	-2.572762328359302
7.119754554058352	-2.5743649504870287
7.124757191752586	-2.5758537845618426
7.129661242442952	-2.5773066293432896
7.134982914383402	-2.578875781092601
7.139947895193007	-2.580332829622778
7.145330497252696	-2.581904912895327
7.150356408181541	-2.5833657839541804
7.155283732106518	-2.584791433187748
7.160628677281579	-2.586330596694939
7.165616931325796	-2.587760204777994
7.171022806620096	-2.589302077764917
7.1763300949105275	-2.59080835388635
7.181280692070115	-2.5922067477945108
7.186648910479787	-2.59371588717826
7.191660437758614	-2.595118001716126
7.196573378033573	-2.5964862345090105
7.201903939558616	-2.597963749503681
7.2068778099528155	-2.599335833843168
7.212269301597098	-2.6008159980121897
7.2175622062375115	-2.6022619193613403
7.222498419747081	-2.603604020121615
7.227852254506735	-2.6050527383936513
7.232849398135545	-2.606398461027048
7.238264163014438	-2.6078496209053044
7.243580340889464	-2.609267280756996
7.248539827633645	-2.6105835272567703
7.25391693562791	-2.61200377595571
7.25893735249133	-2.6133234221498016
7.263859182350882	-2.6146111903790166
7.269198633460518	-2.6160015788866016
7.27418139343931	-2.6172928722375435
7.279581774668186	-2.6186856503381506
7.284883568893194	-2.620046210475339
7.289828671987357	-2.621309197569957
7.295191396331604	-2.6226722887201337
7.3001974295450065	-2.623938586780661
7.305104875754541	-2.6251742271386584
7.310429943214159	-2.6265086420852506
7.3153983195429335	-2.62774771381377
7.320784317121792	-2.629084467703662
7.325813623569806	-2.630326645188178
7.330744343013952	-2.631538827011558
7.336092683708181	-2.6328473859689443
7.341084333271565	-2.634062793686344
7.346493604085034	-2.6353735061874404
7.351804287894635	-2.6366539028919447
7.356758280573391	-2.6378425872513653
7.362129894502232	-2.6391252728279615
7.367144817300228	-2.640316983432322
7.372061153094356	-2.6414798533239985
7.3773951101385675	-2.6427354693098484
7.382372376051935	-2.6439014807323016
7.387767263215386	-2.645159206905497
7.393063563374969	-2.6463877843372496
7.398003172403707	-2.6475281408808455
7.40336040268253	-2.64875895841319
7.408360941830509	-2.649902264078225
7.413779102228571	-2.651135018775775
7.419098675622765	-2.652339264872031
7.424061557886114	-2.653457358346144
7.4294420613995475	-2.654663670992761
7.434465873782137	-2.6557845276317686
7.439391099160858	-2.6568782692204906
7.444733945789663	-2.658059045898669
7.449720101287624	-2.65915566093635
7.455123878035669	-2.6603383380885535
7.460429067779844	-2.6614936104465183
7.465377566393176	-2.6625660278518213
7.470743686256592	-2.66372332484257
7.475753114989163	-2.664798436507749
7.4806639567178665	-2.665847482943644
7.485992419696654	-2.6669802705451886
7.490964191544597	-2.668032117011189
7.496353584642624	-2.6691667691900256
7.501386286609807	-2.670221138315757
7.506320401573121	-2.6712500116795215
7.511672137786519	-2.6723605737183673
7.516667182869073	-2.673392075203256
7.5220798492017105	-2.6745043474742323
7.52739392853048	-2.6755908514379345
7.5323513167284055	-2.6765995287879782
7.537726326176415	-2.6776878616020547
7.54274464449358	-2.6786990002016107
7.547664375806876	-2.679685635587819
7.553001728370257	-2.6807508527800317
7.557982389802793	-2.681740050518754
7.563380672485413	-2.6828069478206698
7.568680368164165	-2.683849079808335
7.573623372712072	-2.6848163781566936
7.578983998510064	-2.685860304014113
7.5839879331772115	-2.6868300039186277
7.58889328084049	-2.6877761541669356
7.594216249753853	-2.688797900000408
7.599182527536371	-2.6897465487117103
7.604566426568973	-2.690769945059198
7.609593634470731	-2.6917208413747664
7.614522255368621	-2.692648705211079
7.619868497516595	-2.693650304338841
7.624858048533725	-2.694580512365447
7.630265220800938	-2.695583623817097
7.635573806064283	-2.6965634563561376
7.6405257001967835	-2.6974730169849384
7.645895215579368	-2.6984544704255335
7.6509080398311085	-2.699366225546873
7.655822277078981	-2.7002558492087108
7.661154135576937	-2.701216392951243
7.666129302944049	-2.7021083036435667
7.671522091561244	-2.703070335102046
7.676816293174571	-2.7040099981668884
7.681753803657054	-2.7048821033633588
7.687108935389621	-2.705823358212302
7.692107375991344	-2.706697606184687
7.6975234378431505	-2.707640219982346
7.702840912691089	-2.7085609646881172
7.7078016964081835	-2.709415758089853
7.713180101375361	-2.710337965275298
7.718201815211694	-2.711194762186515
7.7231249420441594	-2.7120307723229726
7.728465690126709	-2.7129332799352697
7.733449747078414	-2.7137713818598015
7.7388514252802025	-2.7146752283044275
7.744154516478123	-2.7155580654000038
7.7491009165452	-2.7163775105886105
7.75446493786236	-2.7172617857052455
7.759472268048675	-2.718083188482357
7.764381011231123	-2.7188846212935163
7.769707375663654	-2.7197500038348377
7.774677048965342	-2.7205534787613725
7.780064343517113	-2.7214201801355293
7.78509494693804	-2.722225484215433
7.790026963355099	-2.723011261254906
7.795376601022241	-2.7238594015540123
7.800369547558539	-2.724647091931217
7.805780115344921	-2.7254964362569516
7.811092096127434	-2.7263260444397037
7.816047385779104	-2.72709615860171
7.8214202966808575	-2.727927065316804
7.826436516451767	-2.728698967953643
7.831354149218808	-2.729452114568057
7.836689403235932	-2.7302652247723596
7.841667966122213	-2.731020240434306
7.847064150258577	-2.731834538499561
7.852361747391073	-2.732629879582869
7.857302653392725	-2.7333680439009447
7.86266118064446	-2.7341646633338166
7.867663016765352	-2.7349045763647997
7.873082474136327	-2.7357022767548616
7.878403344503433	-2.73648144736763
7.883367523739696	-2.737204812297157
7.888749324226042	-2.737985153824692
7.8937744335815445	-2.7387101513640517
7.898700955933179	-2.7394175427396337
7.904045099534897	-2.7401811305125863
7.909032552005771	-2.7408902312267376
7.914437625726728	-2.7416548872165287
7.919744112443817	-2.7424017484014516
7.924693908030061	-2.743094987096814
7.93006132486639	-2.7438430025969036
7.935072050571875	-2.744537838735918
7.939984189273491	-2.745215766542133
7.945313949225191	-2.745947722077973
7.950287018046048	-2.746627320721732
7.955677708116987	-2.74736033155144
7.960969811184058	-2.748076252784715
7.965905223120285	-2.748740646978616
7.971258256306596	-2.7494577058973833
7.976254598362063	-2.750123663075837
7.981668561667614	-2.750841681665416
7.986983937969296	-2.7515429972745444
7.991942623140135	-2.7521940254391026
7.9973189295610565	-2.7528963825981605
8.002338544851133	-2.7535488697058343
8.007259573137343	-2.75418548882322
8.012598222673637	-2.7548727322032076
8.017580181079087	-2.7555108800906565
8.02297976073462	-2.7561990731310924
8.028280753386284	-2.756871228079424
8.033225054907104	-2.757495068938869
8.038586977678008	-2.7581682518707535
8.043592209318069	-2.758793521213134
8.04849885395426	-2.7594035536583057
8.053823119840537	-2.760062251716631
8.058790694595968	-2.7606737793995952
8.064175890601483	-2.7613334168200394
8.069204395476154	-2.7619462770446086
8.074134313346956	-2.762544242484906
8.079481852467843	-2.7631896545833623
8.084472700457885	-2.7637890189798724
8.089881169698012	-2.7644352851483487
8.09519105193427	-2.765066496880667
8.100144243039685	-2.7656523967516544
8.105515055395182	-2.766284536990385
8.110529176619835	-2.7668717425427176
8.11544471084062	-2.767444648194465
8.120777866311489	-2.768063157875194
8.125754330651514	-2.7686374326768104
8.131148416241622	-2.7692567885965507
8.136443914827863	-2.7698616912567773
8.141382722283259	-2.7704230649809305
8.146739150988738	-2.7710288850468077
8.151738888563374	-2.7715915379956453
8.157156247388093	-2.772198124913849
8.162475019208944	-2.7727905881098063
8.167437099898951	-2.773340576689248
8.172816801839042	-2.7739338774170204
8.177839812648289	-2.7744850585145535
8.182764236453668	-2.775022826038081
8.18810628150913	-2.775603307473895
8.193091635433747	-2.776142327805036
8.19849461060845	-2.776723570444618
8.203798998779282	-2.7772912556783287
8.208746695819272	-2.777818144019531
8.214112014109345	-2.7783866580071646
8.219120641268574	-2.778914715558059
8.224030681423935	-2.7794298967835545
8.229358342829379	-2.7799861296600237
8.234329313103979	-2.780502537681315
8.239717904628662	-2.7810595256708686
8.244749805022503	-2.7815770229438357
8.249683118412474	-2.7820819350858916
8.25503405305253	-2.7826268647049397
8.26002829656174	-2.78313292335611
8.265440161321036	-2.783678537250152
8.270753439076463	-2.7842114310910793
8.275710025701045	-2.7847060789846383
8.281084233575712	-2.7852397212057856
8.286101750319533	-2.785735437870296
8.291020680059487	-2.7862190754228915
8.296357231049525	-2.786741167711648
8.301337090908719	-2.7872259287062033
8.306734572017996	-2.7877487010224504
8.312033466123404	-2.788259264658386
8.31697566909797	-2.7887330963609487
8.322335493322617	-2.7892444012629087
8.327338626416422	-2.789719281441934
8.332243172506358	-2.7901825675150462
8.337565339846378	-2.7906828091535556
8.342530816055554	-2.7911471958983136
8.347913913514814	-2.7916481128390367
8.35294031984323	-2.7921134763607123
8.357868139167776	-2.7925675086257726
8.363213579742407	-2.7930575638807538
8.368202329186193	-2.7935126248057274
8.373608699880064	-2.794003291915875
8.378916483570066	-2.7944825062503824
8.383867576129225	-2.7949272900710733
8.389236289938466	-2.7954071743347337
8.394248312616865	-2.795852917096955
8.399161748291395	-2.7962877852533516
8.404492805216007	-2.796757267377778
8.409467171009776	-2.797193143993038
8.414859158053629	-2.797663234809116
8.420152558093614	-2.7981223343336117
8.425089267002754	-2.7985483689140485
8.430443597161979	-2.799008132583463
8.435441236190359	-2.799435108378115
8.440856496468822	-2.7998954216910215
8.446173169743417	-2.8003449966227922
8.451133151887168	-2.800762313752209
8.456510755281004	-2.8012124933559988
8.461531667543994	-2.8016306868921714
8.466453992803118	-2.8020386856536437
8.471793939312324	-2.802479089953601
8.476777194690687	-2.802888012060423
8.482178071319133	-2.8033289642097516
8.48748036094371	-2.803759612220506
8.492425959437444	-2.8041592861508873
8.497789179181261	-2.8045905345400137
8.502795707794235	-2.804991069302954
8.50770364940334	-2.805381820967224
8.513029212262529	-2.8058037088970664
8.517998083990873	-2.806195366173908
8.5233845769693	-2.8066177996239197
8.528414378816885	-2.807010257952955
8.5333455936606	-2.807393156262531
8.5386944297544	-2.8078064014732615
8.543686574717356	-2.8081901453245757
8.549096340930395	-2.8086038833116307
8.554407520139566	-2.809007958753486
8.559362008217894	-2.8093830105269864
8.564734117546305	-2.8097876285000085
8.56974953574387	-2.810163467682209
8.574666366937569	-2.810530134198413
8.58000081938135	-2.8109259553207817
8.584978580694289	-2.811293451676906
8.59037396325731	-2.8116897644031345
8.595670758816464	-2.81207680603651
8.600610863244773	-2.8124359807308505
8.605968588923165	-2.812823561445265
8.610969623470714	-2.8131835098942877
8.616388279268346	-2.813571533131354
8.62170834806211	-2.813950499783689
8.62667172572503	-2.8143022830131392
8.632052724638035	-2.814681739279699
8.637077032420194	-2.8150342422284473
8.642002753198486	-2.8153781489196863
8.647346095226862	-2.815749342246475
8.652332746124392	-2.816094008831992
8.657737018272007	-2.8164656445165157
8.663042703415753	-2.81682859172917
8.667991697428656	-2.817165442301473
8.673358312691642	-2.8175288767952558
8.678368236823784	-2.8178664351256866
8.683279573952058	-2.818195746050605
8.688608532330415	-2.8185512704548916
8.693580799577928	-2.818881327440616
8.698970688075525	-2.819237293485687
8.704261989569254	-2.819584923603269
8.709196599932138	-2.819907498458502
8.714548831545107	-2.820255613069182
8.719544372027231	-2.8205788836765566
8.724957533759438	-2.820927395944483
8.730272108487778	-2.821267765458112
8.735229992085273	-2.82158369500416
8.740605496932853	-2.8219245046710637
8.745624310649587	-2.8222410815002266
8.750544537362455	-2.8225499299406827
8.755882385325405	-2.82288331079814
8.760863542157512	-2.8231928427682376
8.766262320239703	-2.82352662141896
8.771562511318024	-2.8238525887554187
8.776506011265502	-2.8241550943173377
8.781867132463063	-2.824481499973491
8.78687156252978	-2.8247846422912675
8.79177740559263	-2.8250803702687195
8.797100869905563	-2.8253996650342854
8.802067643087652	-2.8256960643137803
8.807452037519823	-2.8260157564781108
8.812479740821152	-2.826312747788753
8.817408857118611	-2.8266024949023083
8.822755594666155	-2.826915208462602
8.827745641082855	-2.82720558190797
8.833153308749639	-2.827518653537491
8.838462389412554	-2.8278244032656663
8.843414778944625	-2.8281081765503466
8.84878478972678	-2.8284143226751097
8.85379810937809	-2.828698678789068
8.858712842025533	-2.828976085962813
8.864045195923058	-2.8292755531021445
8.86902085868974	-2.8295535757888945
8.874414142706506	-2.8298534013263836
8.879708839719404	-2.8301462033432396
8.884646845601457	-2.830417909305397
8.890002472733594	-2.830711106260813
8.895001408734887	-2.8309833857479565
8.900417965986263	-2.8312769044979413
8.905735936233771	-2.831563563208457
8.910697215350435	-2.8318296459242593
8.916076115717184	-2.8321166626523318
8.921098324953087	-2.832383278450725
8.926021947185124	-2.832643384429893
8.931363190667243	-2.832924130872862
8.93634774301852	-2.8331848008351312
8.941749916619878	-2.8334658700264153
8.947053503217369	-2.833740359554793
8.952000398684016	-2.833995099683943
8.957364915400746	-2.8342699464868675
8.962372740986632	-2.834525211561656
8.96728197956865	-2.834774232402188
8.972608839400753	-2.835043078589895
8.97757900810201	-2.835292653811853
8.98296679805335	-2.8355618231912483
8.987997896873848	-2.835811886034911
8.992930408690476	-2.836055848518656
8.99828054175719	-2.83631912967239
9.003273983693058	-2.836563608993932
9.00868504687901	-2.8368271805913516
9.013997523061095	-2.837084586401912
9.018953308112335	-2.8373234975251513
9.02432671441366	-2.837581226404671
9.029343429584138	-2.8378206180584633
9.03426155775075	-2.8380541589299964
9.039597307167444	-2.838306253576278
9.044576365453295	-2.83854030280362
9.04997304498923	-2.838792688868371
9.055271137521297	-2.839039161363235
9.060212538922519	-2.839267882610622
9.065571561573824	-2.8395146776133884
9.070573893094286	-2.8397438721652812
9.075993845864831	-2.8399909281093385
9.081315211631509	-2.8402322086619325
9.086279886267342	-2.840456177044249
9.091662182153259	-2.8406977493474206
9.096687786908332	-2.8409221572807684
9.101614804659537	-2.8411410855001726
9.106959443660825	-2.8413773700540204
9.111947391531269	-2.841596764110382
9.117352960651797	-2.841833311035747
9.122659942768456	-2.842064319463143
9.127610233754272	-2.8422787134576546
9.13297814599017	-2.842510013609514
9.137989367095226	-2.842724840852657
9.142902001196413	-2.842934412719593
9.148232256547683	-2.843160653514556
9.15320582076811	-2.843370683658917
9.158597006238619	-2.8435971877784496
9.163889604705261	-2.843818380110644
9.168825512041058	-2.8440236261741814
9.17417904062694	-2.844245109795931
9.179175878081978	-2.844450782671428
9.184590336787098	-2.8446725022698103
9.18990620848835	-2.844889034278825
9.194865389058759	-2.8450900146182043
9.200242190879251	-2.8453068103136725
9.205262301568899	-2.8455081871635857
9.205341646338354	-2.8455113619911656
9.205420991107811	-2.845514536569885
9.205579680646725	-2.845520884980822
9.205897059724549	-2.8455335788172245
9.206531817880201	-2.845558954552462
9.207801334191501	-2.845609658307168
9.207880678960958	-2.8456128251807833
9.207960023730413	-2.845615991806155
9.208118713269325	-2.8456223243122425
9.208436092347151	-2.8456349863463384
9.209070850502801	-2.8456602985065125
9.209150195272258	-2.845663461410532
9.209229540041713	-2.8456666240666153
9.209388229580625	-2.84567294863505
9.209705608658451	-2.845685594797526
9.209784953427906	-2.8456887557185917
9.209864298197363	-2.845691916391875
9.210022987736277	-2.8456982369951693
9.210102332505734	-2.845701396925219
9.21018167727519	-2.8457045566075627
9.210261022044644	-2.8457077160422193
9.210340366814101	-2.845710875229209
