1.0477630056620872	9.210340371976184
1.0477853792449618	8.271969275710074
1.047869893188116	7.4940831570158535
1.0479544071312703	7.061824778755691
1.0480389210744248	6.7609580795537125
1.048123435017579	6.5299447361295195
1.0482079489607332	6.34237631032244
1.0482924629038877	6.184465151393656
1.048376976847042	6.04809690747615
1.0484614907901961	5.928090146376767
1.0485460047333504	5.820933684739887
1.0486305186765046	5.724137860512227
1.0487150326196588	5.635873071736567
1.048799546562813	5.554755278342468
1.0488840605059673	5.479712125752424
1.0489685744491215	5.409895855910696
1.0491376023354302	5.283342003863212
1.049220575856649	5.22661118631422
1.0493035493778677	5.172916344263715
1.0494694964203055	5.073443423520013
1.0495524699415242	5.027173723181098
1.049635443462743	4.982941988961593
1.0498013905051806	4.899924065880047
1.0498843640263995	4.860852866279337
1.0499673375476184	4.823243682153948
1.050133284590056	4.751999476172466
1.0504651786749313	4.623067366946247
1.0505481521961502	4.5932594945933465
1.050631125717369	4.5643088199691375
1.0507970727598066	4.508790669998662
1.051128966844682	4.406166832176455
1.0512119403659008	4.382064165490207
1.0512949138871197	4.35852418224561
1.0514608609295573	4.31303088729344
1.0517927550144326	4.227770254281446
1.0518757285356515	4.207534495488995
1.0519587020568704	4.187696223506676
1.052124649099308	4.149151459531916
1.0524565431841832	4.07620989010232
1.053120331353934	3.94443017043453
1.0532033048751528	3.9291012612201146
1.0532862783963717	3.914000817170641
1.0534522254388092	3.8844586057158237
1.0537841195236846	3.8278374664972907
1.0544479076934352	3.7232731101292105
1.0545253079157346	3.7117526924789885
1.054602708138034	3.7003613936181305
1.0547575085826328	3.6779547069548135
1.0550671094718305	3.634569988613174
1.0556863112502255	3.5529824087413737
1.0557637114725247	3.5432284945931904
1.055841111694824	3.5335670265613914
1.055995912139423	3.514514468267345
1.0563055130286205	3.477444802562079
1.0569247148070158	3.4071143721852413
1.0570021150293152	3.398653934257273
1.0570795152516146	3.390262933698506
1.0572343156962134	3.373684700755931
1.0575439165854108	3.341313017744157
1.0581631183638058	3.279487035978876
1.0594015219205961	3.166004087873369
1.0594854474749282	3.158748700042592
1.0595693730292601	3.15154413890829
1.059737224137924	3.1372846434597466
1.0600729263552515	3.1093450077233564
1.0607443307899072	3.0556412219242604
1.0620871396592184	2.9559537960179645
1.0621710652135503	2.9500313100762874
1.0622549907678822	2.9441425207448435
1.0624228418765462	2.932464487121391
1.062758544093874	2.909496150978479
1.0634299485285297	2.8650318998206155
1.0647727573978407	2.781436328174564
1.0648511096532531	2.776759918605432
1.0649294619086658	2.7721044105767003
1.0650861664194906	2.7628553423749382
1.0653995754411407	2.744599841632328
1.066026393484441	2.7090201432417667
1.067280029571041	2.641300902056365
1.0697873017442412	2.5177204054913798
1.0698641135777183	2.5141544521401533
1.0699409254111951	2.510600522458432
1.0700945490781493	2.5035284030870515
1.0704017964120576	2.4895248544671347
1.0710162910798742	2.4620630378546893
1.0722452804155074	2.4091906954844817
1.0747032590867736	2.3107494540567592
1.0747865962522831	2.3075663263591446
1.074869933417793	2.3043926725280452
1.075036607748812	2.2980735547256192
1.0753699564108505	2.2855464858210146
1.0760366537349275	2.260924697763618
1.0773700483830815	2.2133183024391663
1.0800368376793894	2.124004352880389
1.0850137251411611	1.974804076362338
1.0904082338530166	1.833228006188365
1.0957041555610039	1.7099093620542862
1.100643386138147	1.6059837601702125
1.106000237965374	1.5031026181655482
1.1110003986617567	1.4147490685567001
1.1164181806082232	1.3260482018822108
1.1217373755508213	1.2450285309879376
1.1266998793625753	1.1741178474105658
1.132080004424413	1.1016863731021747
1.1371034383554066	1.0377393914959088
1.142028285282532	0.9781143300794404
1.1473707534597413	0.916505360838619
1.1523565305061063	0.8616058135471767
1.157759928802555	0.8046607617933668
1.1630647400951355	0.7510975476231788
1.168012860256872	0.7030421727463674
1.173378601668692	0.6528338285011266
1.1783876519496679	0.6076070124496238
1.1832981152267756	0.5646927113236532
1.188626199753967	0.519604111057588
1.1935975931503144	0.4788204520484794
1.1989866077967455	0.43591438674449595
1.2040189313123324	0.3969905622785344
1.2089526678240512	0.3598308830732123
1.2143040255858535	0.32057674512530365
1.2192986922168116	0.2848659712049697
1.2247109800978535	0.24711836744774204
1.2300246809750273	0.21096230947294817
1.2349816907213569	0.17799474344842678
1.2403563217177702	0.1430342935361591
1.2453742615833394	0.1110919125548267
1.2502936144450405	0.0803976629924311
1.255630588556825	0.04775778162813349
1.2606108715377657	0.017888820544650023
1.26600877576879	-0.013873635541800645
1.271308092995946	-0.04446707179426705
1.2762507190922578	-0.07249991063081444
1.2816109664386535	-0.10237921921581665
1.286614522654205	-0.1298013737999283
1.2915194918658883	-0.15626252394946274
1.2968420823276554	-0.18452506188304368
1.3018079816585784	-0.21048704276152672
1.3071915022395848	-0.23820727433408795
1.312218331689747	-0.26370743340533387
1.3171465741360413	-0.28836195923193936
1.3224924378324192	-0.3147336064497171
1.327481610397953	-0.3390093264314844
1.3328884042135705	-0.36496424020317886
1.3381966110253198	-0.3901020649847826
1.343148126706225	-0.41325475235654624
1.3485172636372138	-0.4380488100875856
1.3535297094373586	-0.4609133252313286
1.358443568233635	-0.48307235000362553
1.3637750482799953	-0.5068376568053836
1.3687498371955114	-0.5287614462235235
1.3741422473611111	-0.5522604354656838
1.3794360705228428	-0.575070071560085
1.3843732025537303	-0.5961182854089337
1.3897279558347015	-0.6187095930749179
1.3947260179848286	-0.6395799478510005
1.4001417013850392	-0.6619658551659354
1.4054587977813817	-0.6837202071718199
1.41041920304688	-0.703820992501835
1.4157972295624621	-0.7254084698357659
1.4208185649472	-0.7453765390913057
1.4257413133280699	-0.7647815561485438
1.4310816829590234	-0.7856465809089488
1.4360653614591328	-0.8049479107166343
1.4414666612093257	-0.8256863164872024
1.4467693739556504	-0.8458686554319356
1.451715395571131	-0.864539090298381
1.4570790384366954	-0.8846220546083382
1.4620859901714156	-0.9032194645062621
1.4669943549022677	-0.9213136295116643
1.4723203408832035	-0.9407976047670968
1.4772896357332952	-0.9588396234561579
1.4826765518334706	-0.9782521438403994
1.4877067768028018	-0.9962456794520496
1.4926384147682648	-1.0137642930484683
1.4979876739838114	-1.032632768295937
1.5029802420685139	-1.0501205190644507
1.5083904314033	-1.0689406571903783
1.5137020337342182	-1.0872889398887613
1.5186569449342922	-1.1042925884682042
1.5240294773844498	-1.1226094770851625
1.5290453187037634	-1.1396001658556876
1.5339625730192086	-1.1561559371470054
1.5392974485847375	-1.1740071667239165
1.5442756330194223	-1.190563232682238
1.5496714387041908	-1.2083997980961252
1.5549686573850912	-1.22580314021255
1.5599091849351474	-1.2419408108905647
1.5652673337352874	-1.2593423957875962
1.5702687914045832	-1.2754933950724119
1.5756878703239627	-1.2928946429501917
1.581008362239474	-1.3098818375125925
1.585972163024141	-1.3256448740046016
1.5913535850588918	-1.342642930587901
1.5963783159627984	-1.3584303599816394
1.601304459862837	-1.3738308404173099
1.6066482250129592	-1.3904521465528712
1.6116352990322373	-1.405885915199859
1.6170399943015992	-1.4225286424006582
1.6223461025670927	-1.438784931517786
1.627295519701742	-1.4538758222436647
1.632662558086475	-1.4701623282106717
1.637672905340364	-1.4852947802434269
1.6425846655903849	-1.5000635154267248
1.6479140470904894	-1.5160154019745442
1.6528867374597498	-1.530832736344699
1.658277049079094	-1.5468228334357186
1.6635687736945697	-1.562449271579148
1.6685038071792013	-1.576959947075343
1.6738564619139167	-1.592631614603081
1.678852425517788	-1.6071971529024354
1.6842660103717428	-1.6229140609097417
1.6895810082218297	-1.6382789229914012
1.6945393149410723	-1.652554843180157
1.6999152429103987	-1.6679711950252616
1.704934479748881	-1.6823074215671774
1.709855129583495	-1.696309257169809
1.7151934006681926	-1.711441273446716
1.720174980622046	-1.7255084646375214
1.7255741818259833	-1.7406973187303323
1.7308747960260524	-1.7555514513980306
1.7358187190952774	-1.769355590403181
1.741180263414586	-1.784271649286708
1.7461851166030506	-1.798145324634012
1.7510913827876469	-1.8116995161632619
1.7564152702223268	-1.826356479472765
1.7613824665261626	-1.8399843379463754
1.766767284080082	-1.8547073797424178
1.7717954105031575	-1.8684083568578849
1.7767249499223647	-1.8817974624679394
1.7820721105916557	-1.8962731762526481
1.7870625801301026	-1.9097391393965422
1.792470670918633	-1.9242846008700945
1.7977801747032953	-1.9385176633563626
1.8027329873571134	-1.9517529714162454
1.8081034212610152	-1.9660595813896609
1.8131171640340729	-1.9793745951476402
1.8180323198032624	-1.9923895388325343
1.8233650968225357	-2.0064680666329475
1.8283411827109648	-2.0195658204310525
1.8337348898494776	-2.0337207674572704
1.8390300099841221	-2.047575033869846
1.8439684389879225	-2.0604591004278796
1.8493244892418066	-2.0743929576795526
1.8543238483648465	-2.0873620432646227
1.8597408287379702	-2.101374902620695
1.8650592221072257	-2.115093205867004
1.8700209243456372	-2.12785661749646
1.8754002478341323	-2.141656819691009
1.8804228801917833	-2.1545072033757293
1.885346925545566	-2.167073186406158
1.8906885921494323	-2.180669367278402
1.8956735676224545	-2.193324700945897
1.9010761643455605	-2.2070047803076216
1.9063801740647983	-2.220399793534288
1.911327492653192	-2.232862758928817
1.9166924324916694	-2.246344115945613
1.9217006811993027	-2.2588979428654845
1.9266103429030677	-2.2711757468368687
1.9319376258569163	-2.284465934628263
1.9369082176799208	-2.296836612360304
1.942296430753009	-2.3102147095385854
1.9473279526952532	-2.322677549327085
1.9522608876336291	-2.3348687244202533
1.9576114438220888	-2.3480616128248024
1.9626053088797044	-2.360346806222218
1.9680167951874037	-2.37362899864378
1.9733296944912346	-2.3866388427767102
1.9782859026642214	-2.39874843424533
1.983659732087292	-2.41184950067312
1.9886768703795183	-2.4240541354593854
1.9935954216678766	-2.4359940699313607
1.9989315942063186	-2.4489202440744795
2.0039110756139165	-2.4609568053253543
2.009308178271598	-2.473975283771987
2.014606693925411	-2.4867283709865724
2.01954851844838	-2.498598570226847
2.024907964221433	-2.511445604006419
2.029910718863642	-2.523413201747345
2.034814886501983	-2.535122317175871
2.040136675390407	-2.547803443616895
2.0451017731479872	-2.5596113146598474
2.050484492155651	-2.572387216406134
2.0555105200324704	-2.584293138862353
2.0604379609054218	-2.5959438383697124
2.065783023028457	-2.6085579552056477
2.0707713940206482	-2.620307967332349
2.076177386262923	-2.6330175902539468
2.0814847915013295	-2.64547130911204
2.086435505608892	-2.6570667334246356
2.091803840966538	-2.669617271591527
2.0968154851933396	-2.681312497143414
2.1017285424162733	-2.6927577864778405
2.107059220889291	-2.705153912721596
2.1120332082314643	-2.716700090166323
2.1174248168237213	-2.7291935771686138
2.12271783841211	-2.7414364521135703
2.127654168869655	-2.752834693213687
2.133008120577283	-2.7651760639373375
2.138005381154067	-2.776675527799468
2.143420262980935	-2.7891147360173343
2.148736557803935	-2.801306152723874
2.1536961614960908	-2.812660737057276
2.15907338643833	-2.824951048822512
2.164093920249725	-2.8364071319720656
2.169015867057252	-2.8476206343076065
2.1743554351148626	-2.859766035580664
2.1793383120416294	-2.871081912545153
2.1847388102184797	-2.8833265323484842
2.190040721391462	-2.8953279134443988
2.1949859414336	-2.906504443508642
2.2003487827258215	-2.918605960530309
2.205354932887199	-2.9298850236271248
2.210262496044708	-2.9409256449978853
2.2155876804523014	-2.9528876692091397
2.2205561737290505	-2.9640315829543127
2.225942288255883	-2.976093945844253
2.2309717116518715	-2.987340498299721
2.235902548043992	-2.9983507975826096
2.2412510056861956	-3.010276082979684
2.2462427721975553	-3.021389731145361
2.251652159958999	-3.033415511632723
2.2569629607165744	-3.0452043988870057
2.261917070343306	-3.0561858045277077
2.2672888012201207	-3.068075932649011
2.2723038409660914	-3.0791607100334226
2.277220293708194	-3.0900128581869333
2.28255436770038	-3.1017704683316643
2.287531750561722	-3.1127266048745104
2.292926754673148	-3.124585517241823
2.298223171780706	-3.13621116930178
2.3031628977574194	-3.147039214896977
2.3085202449842166	-3.158766818153795
2.3135209010801696	-3.1696987971606134
2.318939178426206	-3.1815277299249347
2.3242588687683745	-3.1931253510462514
2.3292218679796988	-3.203931078151466
2.334602488441107	-3.215630635558423
2.339626417771671	-3.2265402109604406
2.344551760098367	-3.237222300580483
2.3498947236751464	-3.2487952278782326
2.3548809961210817	-3.259581666379427
2.3602848898171005	-3.271256477706129
2.365590196509251	-3.2827031878684942
2.3705388120705577	-3.293366901356083
2.375905048881948	-3.304916023365717
2.3809145945624945	-3.3156839379522283
2.385825553239173	-3.3262273314963386
2.3911541331659345	-3.3376532901349574
2.396126021961852	-3.3483013190848014
2.401515532007853	-3.359829571609327
2.4065483509230106	-3.370581627791884
2.4114825828342994	-3.3811107401096354
2.416834435995672	-3.392517302469703
2.421829598026201	-3.4031508480627677
2.427242381306813	-3.414659559787734
2.432556577583557	-3.4259447251897037
2.437514082729457	-3.4364600594178087
2.4428892091254406	-3.447847802948688
2.4479076443905803	-3.458467346759079
2.4528274926518514	-3.4688666084890767
2.4581649621632065	-3.4801356299988058
2.4631457405437174	-3.4906394523986037
2.468544140174312	-3.502010853133784
2.473843952801038	-3.513161375902556
2.4787870742969202	-3.52354971042833
2.4841478170428863	-3.5348029837663644
2.4891518686580083	-3.5452956101811024
2.4940573332692617	-3.555570442449361
2.499380419130599	-3.566707673936379
2.5043468138610923	-3.577087100729281
2.509730829841669	-3.5883268360879654
2.5147581546914015	-3.598810268344034
2.519686892537266	-3.6090772339230717
2.5250332516332143	-3.620202016998443
2.5300229195983186	-3.6305732696645565
2.5354302088135063	-3.6418002891602015
2.540738911024826	-3.652810254681439
2.5456909221053015	-3.663069477870258
2.5510605544358604	-3.674181977948615
2.5560734956355753	-3.68454516224101
2.560987849831422	-3.6946941466300385
2.5663198252773527	-3.70569400778177
2.5712951095924392	-3.715947194040388
2.5766880151576093	-3.7270492814804905
2.581982333718911	-3.7379365861488805
2.586919961149369	-3.7480798753472016
2.59227520982991	-3.759069661539183
2.5972737673796074	-3.769316792389819
2.6026899461793884	-3.7804084764389763
2.6080075379753014	-3.7912866032722476
2.61296843864037	-3.801424678630083
2.6183469605555225	-3.8124049390083914
2.6233687913398307	-3.8226464794886255
2.6282920351202708	-3.8326771267171518
2.6336329001507943	-3.8435476720631185
2.6386170740504737	-3.853681972198505
2.644018869200237	-3.8646542882806885
2.6493220773461323	-3.8754151324125083
2.6542685943611835	-3.8854422285119137
2.659632732626318	-3.8963050425012904
2.6646401797606085	-3.9064353849163767
2.669549039891031	-3.9163568090123224
2.6748755212715367	-3.927111729581038
2.6798453115211984	-3.937136556677609
2.685232723020944	-3.947993052109565
2.6902634433898456	-3.9581207083449392
2.695195576754879	-3.968040504132024
2.700545331369996	-3.978789770819501
2.7055383948542686	-3.988812538220294
2.7109490795886253	-3.999662968163971
2.7162611773191134	-4.010304960289591
2.7212165839187574	-4.020222819006211
2.7265896117684854	-4.030966125414346
2.731605948487369	-4.040986507087444
2.736523698202385	-4.0508008688796995
2.741859069167484	-4.0614385337520975
2.746837749001739	-4.071355534138849
2.752234050086078	-4.082094072825112
2.7575317641665484	-4.09262601503529
2.7624727871161747	-4.1024395811724474
2.767831431315885	-4.113072519875751
2.772833384384751	-4.1229882511034015
2.7782529587037006	-4.1337216042481515
2.783573946018782	-4.144249356591691
2.7885382422030194	-4.154062160953826
2.7939201596373406	-4.16469043664836
2.7989453859408178	-4.174604918038469
2.8038720252404263	-4.1843161064632115
2.809216285790119	-4.1948406804663865
2.814203855208967	-4.204653625471702
2.819609045877899	-4.215278239838628
2.824915649542963	-4.2256989819492174
2.8298655620771824	-4.235410291485264
2.835233095861486	-4.245931158201409
2.8402439385149454	-4.255743713346224
2.8451561941645362	-4.2653546386617975
2.850486071064211	-4.275773070896982
2.8554592568330417	-4.28548530024214
2.860850063851956	-4.2960033495556305
2.866142283867002	-4.306319188505502
2.8710778127512038	-4.315930966225828
2.8764309628854896	-4.326346484111011
2.8814274218889313	-4.336059033378082
2.8868415021424565	-4.346573641790662
2.8921569953921136	-4.3568869393583975
2.8971157975109265	-4.366499393088957
2.902492220879823	-4.376911831558998
2.9075119531178752	-4.386624510043315
2.9124330983520594	-4.396138045722955
2.9177718648363276	-4.4064495496174585
2.9227539401897515	-4.416063339279762
2.928153636793259	-4.426473438064165
2.9334547463928984	-4.436683807151842
2.9383991648616936	-4.446198543358965
2.9437612045805723	-4.456507538021369
2.948766553168607	-4.466121961090836
2.9536733147527734	-4.475538777328144
2.958997697587024	-4.485747857094065
2.96396538929043	-4.495264372487357
2.96935070224392	-4.505571510115275
2.9743793240665655	-4.515187139216274
2.979309358885343	-4.524605988263588
2.984657014954204	-4.534813463529886
2.989647979892221	-4.5443314295749655
2.9950565660803217	-4.5546363797148866
3.0003665652645544	-4.5647439544241575
3.005319873317943	-4.57416405730386
3.010690802621415	-4.584369109855573
3.015705040794043	-4.593887728932309
3.0206206919628027	-4.603211049511027
3.025953964381646	-4.613317338122875
3.030930545669645	-4.622739163160458
3.0363247482077282	-4.632942325953517
3.0416203637419432	-4.642949590716663
3.046559288145314	-4.652274401464256
3.0519158337987684	-4.662378527421623
3.0569156883213786	-4.671801223181422
3.0623331640940727	-4.682001599543628
3.0676520528628983	-4.692006878477997
3.07261425050088	-4.70133273451687
3.0779940693889456	-4.711434241726111
3.083017197146167	-4.720857348576441
3.08794173789952	-4.7300874032373885
3.0932838999029566	-4.7400911299925355
3.098269370775549	-4.749418401883636
3.1036724628982255	-4.759517717783822
3.108976968017034	-4.769423370414819
3.113924782004998	-4.778654555694565
3.1192902172430457	-4.788655761129223
3.124298961350249	-4.797983511348988
3.1292091184535846	-4.80711962270391
3.1345368968070035	-4.817023779494171
3.1395079840295783	-4.826256409913265
3.144896692502237	-4.836255461267334
3.1499287098440516	-4.845583999460308
3.154862140181998	-4.854721661397154
3.160213191770028	-4.864623758106341
3.165207552227214	-4.87385727450228
3.170619533934483	-4.883853591841263
3.1759329286378843	-4.893658408606087
3.1808896322104414	-4.902796622224545
3.1862639570330824	-4.912695602190989
3.1912815907248793	-4.9219289854719825
3.196200637412808	-4.930972881185056
3.2015373053508203	-4.940775556124053
3.2065172821579884	-4.949914557173061
3.21191488021524	-4.959810702825079
3.2172138912686234	-4.96951673010368
3.222156211191163	-4.978561052033606
3.227516152363786	-4.9883604809140225
3.2325194024055652	-4.997499206253742
3.2374240654434763	-5.006449816892979
3.242746349731471	-5.016153543521231
3.247711942888621	-5.025198483109208
3.253095157295855	-5.034994900893487
3.2581216805722453	-5.044133537695948
3.263049616844767	-5.053084801602528
3.2683951743673725	-5.062785536197937
3.273384040759134	-5.071830416144154
3.278790528400979	-5.0816231154717375
3.2840984290389557	-5.091227795519269
3.2890496385460883	-5.10017859523059
3.294418469303305	-5.109875152923071
3.2994306089296774	-5.118918834692699
3.3043441615521814	-5.127776506026947
3.309675335424769	-5.137377919596851
3.314649818166513	-5.146328382723811
3.32004192215834	-5.1560209299881095
3.3253354391462993	-5.165526812851814
3.3302722650034142	-5.174383720098211
3.335626712110613	-5.183980639945925
3.340624468086968	-5.192929588643011
3.346039845313406	-5.202616875932371
3.3513566355359763	-5.212118234301937
3.3563167346277023	-5.220973610235636
3.361694454969512	-5.2305652324196945
3.366715484180477	-5.239511883616675
3.3716379263875744	-5.248274628774252
3.3769779898447556	-5.257771572786229
3.3819613621710927	-5.266625488360271
3.387362355747513	-5.276211918744272
3.3926647623200656	-5.285613771470538
3.397610477761774	-5.294374589858076
3.4029738144535657	-5.303865816737898
3.4079804600145134	-5.312717023289169
3.412888518571593	-5.321385680165716
3.4182141983787564	-5.330782683943725
3.4231831870550757	-5.339541616665853
3.4285697969814786	-5.349027200547976
3.4335997157770373	-5.357875735776067
3.438531047568728	-5.366542455678433
3.443880000610502	-5.375933741872103
3.448872262521432	-5.384689946136551
3.4542821456824457	-5.394169001920539
3.4595934418395915	-5.403465552104814
3.464548046865893	-5.412129040808714
3.4699202731422782	-5.42151323426709
3.4749358082878192	-5.430265393438147
3.479852756429492	-5.438837101329014
3.4851873258212485	-5.448127411710577
3.4901652040821607	-5.4567876652787115
3.495560703593157	-5.466164792236124
3.500857616100285	-5.4753607687082075
3.505797837476569	-5.483928720858186
3.511155680102936	-5.493211380616043
3.5161568315984595	-5.501867049240168
3.5215756043440667	-5.511235675431089
3.5268957900858053	-5.520423887623588
3.5318592846967	-5.528987162066533
3.5372404005576783	-5.5382612014550014
3.5422648252878126	-5.546911346856217
3.547190663014079	-5.555383165690608
3.5525341219904285	-5.564563601385523
3.557520889835934	-5.57312215493855
3.5629252789315236	-5.582387558666162
3.5682310810232445	-5.591473916533896
3.5731801919841213	-5.599940461263624
3.578546924195082	-5.609111641814125
3.5835569652751986	-5.617664060829741
3.588468419351447	-5.626039537083909
3.593797494677779	-5.63511747956179
3.598769878873267	-5.643578688555167
3.6041598843188387	-5.652740579367809
3.609451302760542	-5.661724798727065
3.614386030071401	-5.670094371052638
3.619738378632344	-5.679162387883371
3.624734036062443	-5.687616818070551
3.6301473147426253	-5.6967678850279
3.6354620064189396	-5.705742028171665
3.6404200069644097	-5.714104695456628
3.6457956287599638	-5.723161732516371
3.6508145594246737	-5.731608366451779
3.655734903085515	-5.739880221912794
3.6610728679964404	-5.748844225328737
3.6660541417765216	-5.757199896253419
3.671453036806686	-5.7662458878899745
3.6767533448329828	-5.775116351403384
3.681696961728435	-5.783380613535819
3.6870581998739715	-5.7923329043506175
3.6920627468886638	-5.8006800767942766
3.6969687068994874	-5.808853886992715
3.702292288160395	-5.81771347946607
3.7072591782904585	-5.825970044721408
3.7126436896706054	-5.834910544759585
3.7176715099199082	-5.84324911373596
3.722600743165343	-5.851415089436328
3.7279475976608616	-5.860262722863197
3.732937761025536	-5.868510542529186
3.738345545640294	-5.877438147371663
3.743654743251184	-5.886192388053545
3.7486072497312297	-5.894348994772999
3.753977377461359	-5.903183037088375
3.758990814060644	-5.911420553156353
3.763905663656061	-5.919486920334188
3.769238134501562	-5.928228419899223
3.7742139142162188	-5.9363755333028605
3.779607315180959	-5.945195885009477
3.784902129141831	-5.9538443072669915
3.7898402519718593	-5.96190054709074
3.7951959960519708	-5.9706276483262135
3.800195049001238	-5.978763686988941
3.8056117232005895	-5.987568666740348
3.8109298103960727	-5.996202498673969
3.815891206460712	-6.0042475004752305
3.8212702237754343	-6.012959033386625
3.826292549959313	-6.021082870632831
3.831216289139323	-6.0290378288203055
3.836557649569417	-6.037656955450264
3.8415423188686666	-6.04569057908146
3.846944609418	-6.054386428304505
3.8522483129634657	-6.062912596392403
3.857195325378087	-6.070855519720012
3.862559959042792	-6.079458230258935
3.8675679015766526	-6.087478843623861
3.8724772571066453	-6.095332070842923
3.8778042338867214	-6.103842694954231
3.8827745195359533	-6.111773440016576
3.888162426435269	-6.1203596163541345
3.893193642203741	-6.128367076326136
3.8981262709683446	-6.136207962022397
3.9034765209830318	-6.144701855431802
3.908470079866875	-6.152619280241704
3.9138812600008017	-6.161187719977425
3.91919385313086	-6.169588762043708
3.9241497551300744	-6.177415650691927
3.9295232783793725	-6.18589105317113
3.9345401104978266	-6.193793478817035
3.9394583556124125	-6.2015308597677254
3.944794221977082	-6.209914302717895
3.9497733972109073	-6.217727043374993
3.9551701936948165	-6.2261838299718155
3.960468403174857	-6.2344747392479345
3.965409921524054	-6.2421972891907345
3.9707690611233346	-6.2505613548812295
3.975771509591771	-6.258358251983444
3.9811915793102908	-6.266794620889568
3.9865130620249425	-6.275065942150882
3.99147785360875	-6.282772469416951
3.9968602664426416	-6.291115903387108
4.0018859881456885	-6.298895750237758
4.006813122844868	-6.306512962989856
4.01215787879413	-6.314764567965639
4.017145943612548	-6.322454918978619
4.02255162968105	-6.330777594789181
4.027858728745684	-6.338936783055665
4.032809136679474	-6.346537120633643
4.038177165863348	-6.354767188692796
4.043188503916378	-6.362439627579795
4.048101254965539	-6.369951021745933
4.053431627264784	-6.378089603683053
4.058405308433185	-6.385672917497776
4.06379661085167	-6.393881328418911
4.069089326266286	-6.401927832618261
4.074025350550058	-6.409421500752614
4.079378996083914	-6.417537642847676
4.084375950486926	-6.425102185096858
4.089790526140022	-6.433287082443634
4.09510651478925	-6.441310936707811
4.1000658123076335	-6.448785655823972
4.1054427310761	-6.456878071741446
4.110462958713723	-6.464422605398935
4.115384599347477	-6.471808601534066
4.1207238612313155	-6.479809689341494
4.12570643198431	-6.487265316166306
4.131106623987388	-6.495333892833444
4.136408228986598	-6.5032430502898135
4.141353142854964	-6.510609240551682
4.146715677973413	-6.518585694007388
4.151721521961018	-6.526020448035352
4.1566287789447545	-6.533298318168269
4.161953657178575	-6.541183819110405
4.166921844281552	-6.548530069965207
4.172307652634612	-6.556481787363389
4.1773367698568284	-6.56389553912097
4.182267300075177	-6.571153308259366
4.187615451543608	-6.579013877470477
4.192606911881195	-6.5863389626266695
4.198015993468866	-6.594264655754028
4.203326488052669	-6.602033465876566
4.208280291505628	-6.6092693473990485
4.213651716208671	-6.6171030880830815
4.218666449780869	-6.624405199483495
4.2235825963492	-6.631553026291396
4.228916364167613	-6.639296019432742
4.233893440855183	-6.646509892749466
4.239288138792836	-6.654316718602659
4.244584249726621	-6.661968352543837
4.249523669529562	-6.669093450655203
4.254880710582587	-6.676808725937014
4.259881060504768	-6.683998779331031
4.265299031677032	-6.691776768366617
4.270618415845428	-6.6994004909882205
4.27558110888298	-6.706501608862476
4.2809614231706155	-6.714187852692559
4.285985046327407	-6.721352822687141
4.29091008248033	-6.728366187870263
4.296252739883338	-6.735961927115983
4.301238706155501	-6.743038961910856
4.306642293677747	-6.750696108581492
4.311947294196125	-6.758200726194654
4.316895603583659	-6.765189284393158
4.322261534221277	-6.772755119649505
4.327270773728051	-6.779806240718125
4.332181426230957	-6.786707522963661
4.337509699983946	-6.794183306460259
4.342481282606092	-6.801146971697062
4.34787048647832	-6.808682856313171
4.352902999219705	-6.815707984588139
4.357836924957221	-6.822584237661449
4.363188471944821	-6.830029901735424
4.368183327801577	-6.836967437380837
4.373595804908417	-6.844472075576602
4.378909695011389	-6.8518268988469035
4.383866893983517	-6.858676298190156
4.389241714205728	-6.866089908681194
4.394259843297094	-6.872999470987097
4.399179385384593	-6.87976196963485
4.404516548722175	-6.887085848935433
4.409497020928914	-6.893908333402636
4.414895114385736	-6.901289871866165
4.42019462083869	-6.908523402312403
4.4251374361608	-6.915258268259517
4.430497872732993	-6.922549274913941
4.435501618174342	-6.929343006097604
4.440406776611823	-6.9359915071081275
4.445729556299388	-6.943193297696519
4.450695644856109	-6.94990049049021
4.456079354662913	-6.957158629216981
4.461106373338874	-6.963923575461797
4.466034805010966	-6.970544292603001
4.471380857933141	-6.977713073735815
4.476370219724473	-6.984391371091567
4.481777202765888	-6.991615363666602
4.487085598803435	-6.998694169871326
4.492037303710138	-7.005285278623567
4.497406629866925	-7.012419118220478
4.502419264892867	-7.019066678185011
4.507333312914942	-7.0255718872133475
4.5126649821871	-7.032616926812497
4.517639960328413	-7.039178418165879
4.523032559719811	-7.046277356222586
4.52832657210734	-7.053232983153903
4.533263893364025	-7.059707871051921
4.538618835870794	-7.06671722343952
4.543617087246719	-7.073247266418331
4.549032959872728	-7.080309365826919
4.554350245494868	-7.087229183132963
4.559310839986164	-7.093672530911878
4.564689055727544	-7.100644923396067
4.5697105803380795	-7.107142291757274
4.574633517944747	-7.113500268626815
4.5799740768014985	-7.120384344538758
4.584957944527406	-7.126796178850726
4.590359433503397	-7.133731691204745
4.595662335475519	-7.140526841827863
4.600608546316797	-7.146852611516324
4.605972378408159	-7.153699032472081
4.610979519368677	-7.160077528641738
4.615888073325327	-7.166318575187597
4.621214248532061	-7.173077313531187
4.6261837326079505	-7.179370928706217
4.631570837933924	-7.186179803303477
4.636601252129053	-7.19252502594785
4.641533079320314	-7.198733860092302
4.646882527761658	-7.205454967307329
4.651875285072158	-7.2117152526054396
4.657285663632742	-7.218485356704247
4.6625974551894585	-7.225118094026741
4.66755255561533	-7.231292917713921
4.672925277291286	-7.23797449385203
4.677941307836398	-7.244199637097815
4.6828587513776405	-7.250290374875228
4.688193816168967	-7.2568848679757885
4.69317218982945	-7.2630257748587725
4.698568184740016	-7.269667973910379
4.703865592646714	-7.276174789405149
4.7088063094225685	-7.282230943485031
4.714164647448507	-7.288785313517197
4.719166294343601	-7.294890511460696
4.724585562488778	-7.301491441712039
4.7299062436300865	-7.307958078229021
4.734870233640551	-7.3139784947155855
4.7402518449011	-7.320491542617277
4.7452767650308045	-7.326559873895867
4.750203098156641	-7.332496918090712
4.755547052532561	-7.338923563915368
4.760534315777638	-7.344908380925371
4.765939200272797	-7.351380309740653
4.771245497764088	-7.357719968676425
4.776195104124535	-7.3636207644911735
4.781562331735066	-7.370005564798222
4.786572868214753	-7.375953012511601
4.791484817690572	-7.381771211246699
4.7968143884164745	-7.388070379417276
4.801787268011533	-7.393935094675903
4.807177768856675	-7.400278285183826
4.812469682697948	-7.406491246161606
4.817404905408377	-7.412272731474555
4.822757749368891	-7.4185295805910485
4.82775390219856	-7.4243564706273295
4.833167676278313	-7.430656212584121
4.838482863354198	-7.436826847086189
4.843441359299239	-7.442570524205691
4.848817476494363	-7.448783920716256
4.853836902558642	-7.454571889101472
4.858757741619054	-7.4602338084098845
4.8640962019295495	-7.466362388600612
4.869077971109201	-7.472068473666688
4.874477361538936	-7.478238706319374
4.8797781649648035	-7.484281908160759
4.884722277259827	-7.48990562485399
4.890084010804933	-7.495990356201037
4.895089053219195	-7.50165713604946
4.899995508629589	-7.507199952261297
4.905319585290067	-7.513200725258543
4.9102869708197	-7.5187864862953155
4.915671977599418	-7.524827691316997
4.9207002932482915	-7.5304554296548405
4.925630021893297	-7.535960344917251
4.930977371788385	-7.541917628295237
4.93596803055263	-7.547464405976786
4.941376310566958	-7.553461024368437
4.946686003577418	-7.5593338390048865
4.951639005457034	-7.564799185107609
4.957009628586734	-7.570711223819947
4.96202356058559	-7.57621734190016
4.9669389055805775	-7.581602751923447
4.972271871825648	-7.58743178310804
4.977248146939875	-7.592857857740079
4.982642043304185	-7.598725029728012
4.987937352664628	-7.60447051861719
4.992875970894226	-7.609816090570632
4.998232210373908	-7.615599617660642
5.003231758722746	-7.620984777136615
5.0086489283216675	-7.62680535530713
5.0139675109167205	-7.63250541782645
5.018929402380929	-7.6378101714735225
5.024308915095222	-7.6435471869621905
5.029331736678671	-7.6488904528873904
5.0342559712582515	-7.654116321694914
5.039597827087916	-7.6597713736177395
5.044582991786736	-7.665035659018509
5.04998577773564	-7.670726597895891
5.055289976680675	-7.676299169258088
5.060237484494866	-7.681484031543614
5.065602613559141	-7.687092400342082
5.070611051492572	-7.692314618879315
5.075520902422135	-7.697421587462381
5.080848374601782	-7.702948994538277
5.085819155650585	-7.708093231479918
5.09120755794947	-7.713655386038115
5.096239269117512	-7.718835938094431
5.1011723932816855	-7.723902414799141
5.106523138695943	-7.729383729566719
5.111517192979356	-7.734486437860854
5.116928868512853	-7.740001454037123
5.122241957042482	-7.74540143128694
5.127198354441267	-7.750425871173306
5.132572373090135	-7.755859473853184
5.13758970060816	-7.760919104339708
5.142508441122316	-7.7658668261926485
5.1478448028865555	-7.771220645920654
5.152824473519951	-7.776203482786406
5.158221765403431	-7.781589899334665
5.163520470283042	-7.786863452579798
5.168462484031809	-7.791769084453354
5.17382211903066	-7.797075167245311
5.178825062898667	-7.80201489010708
5.183729419762805	-7.806844872516118
5.189051397877027	-7.812072257890125
5.194016684860405	-7.816936263570652
5.199399593093867	-7.822195167926363
5.204425810196485	-7.827092260935478
5.209353440295234	-7.831880799610879
5.214698691644068	-7.83706118158987
5.219687251862057	-7.841882744638936
5.225093433330129	-7.847093640768225
5.230401027794334	-7.852195038053558
5.235351931127694	-7.856940679383204
5.240720455711138	-7.862072537497279
5.245732289163738	-7.866850202255244
5.2506455356124695	-7.8715214933596656
5.255976403311285	-7.876575966712566
5.260950579879257	-7.881279226184415
5.2663423776973115	-7.886363174761606
5.271635588511498	-7.891339815890797
5.2765721081948405	-7.895968292105225
5.281926249128267	-7.900974363735289
5.286923698930849	-7.905633826047679
5.292338769983515	-7.910668386898023
5.297655254032313	-7.915596848016891
5.302615046950267	-7.920181757851061
5.307992461118304	-7.92513866908488
5.313013184155497	-7.929753589514126
5.3179353201888215	-7.934265531187637
5.32327507747223	-7.939146459655534
5.328258143624795	-7.9436883697475835
5.333658831027443	-7.94859678997812
5.338960931426223	-7.953401311030091
5.34390634069416	-7.95786985376741
5.349269371212179	-7.962701835979467
5.354275710599354	-7.967199391323636
5.359183462982661	-7.971596150413619
5.364508836616052	-7.976353361168492
5.369477519118599	-7.980779098344999
5.374863822871229	-7.985562832505085
5.379893435493016	-7.990016648219625
5.384824461110934	-7.994370861507314
5.390173107978936	-7.999080083189442
5.395165063716093	-8.003462345682719
5.400574640703335	-8.008197161389417
5.405885630686708	-8.012831469389951
5.410839929539237	-8.01714184310582
5.41621184964185	-8.021801728536927
5.421227078613619	-8.026139223780946
5.4261437205815195	-8.030379299569038
5.431477983799503	-8.034965928879549
5.436455555886643	-8.039233104352249
5.441850749223867	-8.0438444030966
5.447147355557222	-8.0483573904189
5.452087270759733	-8.052553924646723
5.457444807212329	-8.057091572870625
5.46244565253408	-8.061314299885591
5.467864119105914	-8.065875712312636
5.47318399867388	-8.070340024154596
5.478147187111002	-8.074492418141594
5.483527996798208	-8.078980491519644
5.48855211535457	-8.083158180520757
5.493477646907063	-8.087241835972097
5.498820799709641	-8.091658248352596
5.503807261381374	-8.095767189569122
5.509211344303191	-8.100206486905716
5.514516840221139	-8.104550876596127
5.5194656450082435	-8.108590770555836
5.524832071045432	-8.112958050303336
5.529841805951776	-8.11702235365529
5.534752953854252	-8.120994788125394
5.540081723006812	-8.125291721584444
5.545053801028527	-8.129288563166805
5.550443500300326	-8.133607532184682
5.555476508441281	-8.13762792914208
5.560410929578367	-8.141557640947637
5.565762971965538	-8.145806598825262
5.570758323221864	-8.149759869017247
5.576171295728274	-8.154030018311158
5.5814856812308165	-8.158208627617332
5.5864433756025145	-8.162094493580906
5.5918186912242955	-8.166294312610171
5.5968373157152325	-8.170202892116071
5.601757353202301	-8.174022939389898
5.607095011939454	-8.178154097144917
5.612075979545763	-8.18199686761109
5.617474568402155	-8.186148413401485
5.62277457025468	-8.190210587431736
5.62771788097636	-8.193987285007957
5.633078812948123	-8.198069872431773
5.6380830537890425	-8.20186847020187
5.642988707626094	-8.205580669943473
5.648311982713229	-8.20959595726563
5.6532785666695196	-8.213330073163815
5.658662771875894	-8.217364974564227
5.663690285951425	-8.221120189961455
5.668619213023088	-8.224790174065845
5.673965761344833	-8.2287581502363
5.678955618535735	-8.232449254981328
5.68436309697672	-8.23643605707351
5.689671988413838	-8.240336809541644
5.694624188720111	-8.243963561414034
5.699994010276468	-8.247883177440984
5.705007140701981	-8.251530259575595
5.709921684123626	-8.255094225645708
5.715253848795354	-8.258948305476146
5.7202293223362375	-8.262532628856606
5.725622417127205	-8.266404806593481
5.730916924914305	-8.270193066086778
5.73585474157056	-8.27371440142661
5.7412101794769	-8.277520802676111
5.746208926252395	-8.281061726866618
5.751625294277974	-8.284885466781063
5.756943075299684	-8.288626463592383
5.7619041651905505	-8.29210480867152
5.7672828763315005	-8.295863193526555
5.772304896341606	-8.299360370432312
5.777228329347844	-8.302777691974278
5.782569383604166	-8.306472359532524
5.787553746729643	-8.309908550548338
5.792955731105205	-8.31361987475181
5.798259128476897	-8.317250564309536
5.803205834717746	-8.320625561168214
5.808570162208678	-8.324272962447349
5.813577798568766	-8.327666093680593
5.818486847924986	-8.330981435759705
5.82381351853129	-8.334566535106012
5.82878349800675	-8.337900054292792
5.834171098732294	-8.34150115616186
5.8392020083269935	-8.344852096379638
5.844134330917825	-8.348126376419982
5.84948427475874	-8.351665605657521
5.85447752746881	-8.354957354303867
5.8598884014289645	-8.358511888873617
5.865200688385251	-8.361989007569317
5.870156284210693	-8.365221376750215
5.875529501286219	-8.368713866305505
5.880546027230901	-8.371963002333782
5.885463966171715	-8.37513751466741
5.890799526362612	-8.378569562527803
5.895778395422664	-8.381760893877924
5.901174885732801	-8.385207637392346
5.90647278903907	-8.388579018575669
5.911414001214494	-8.39171236888257
5.916772834640002	-8.395098515978004
5.921774976934667	-8.39824800500888
5.927194740479414	-8.401648180345234
5.932515917020293	-8.404974125375757
5.937480402430328	-8.408066086066789
5.942862509090447	-8.411406134599451
5.947887924619722	-8.41451356575425
5.9528147531451285	-8.417549500747468
5.958159202920619	-8.420831004726283
5.963146961565266	-8.423882471144642
5.968552341459995	-8.427177437427064
5.973859134350857	-8.430400193536551
5.978809236110874	-8.433395538097372
5.984176959120975	-8.436631835923986
5.989187991000232	-8.439642064813583
5.994100435875621	-8.442582768983682
5.999430502001094	-8.445761958560738
6.004403876995723	-8.448717611719738
6.009794873240435	-8.451909723015875
6.015087282481279	-8.455031612830668
6.020023000591278	-8.45793254357351
6.025376339951362	-8.461067438257137
6.030372988180601	-8.4639826916352
6.0357872576599245	-8.467129896295889
6.04110294013538	-8.47020797552626
6.046061931479991	-8.473068976403308
6.051438544074685	-8.476159453333443
6.056458465538535	-8.479034162544172
6.061379799998517	-8.481842367837086
6.066718755708583	-8.484877651337218
6.071701020287804	-8.487699637140922
6.07710090611711	-8.490746731417698
6.0824022049425475	-8.493726650098747
6.087346812637141	-8.496495783561377
6.092709041581817	-8.49948760389371
6.0977145793956495	-8.502269923858913
6.102621530205614	-8.504987638182971
6.107946102265662	-8.50792569413473
6.112913983194866	-8.510656669944817
6.118299485374154	-8.513606060822621
6.1233282964225975	-8.516349648810657
6.128258520467173	-8.51902966727416
6.133606365761832	-8.521925774654491
6.138597519925646	-8.52461848419679
6.144006295339545	-8.527525371831723
6.149316483749575	-8.530368043389663
6.1542699810287615	-8.533009762299216
6.159641099558032	-8.53586331182738
6.164655526956458	-8.538517159385005
6.169571367351016	-8.541109292485054
6.174904828995657	-8.543910983515005
6.179881599509454	-8.546515326453548
6.185275991273334	-8.54932736037754
6.190571796033347	-8.552077050469705
6.195510909662516	-8.554631785202583
6.200867644541768	-8.557391918089232
6.205867688290176	-8.559958319478513
6.211285353288668	-8.562728268843166
6.216604431283291	-8.565436905865324
6.22156681814707	-8.567954186478595
6.226946826260933	-8.570672743719197
6.231970143243952	-8.573201159598067
6.236894873223103	-8.575670693502605
6.242237224452338	-8.578339305764315
6.2472228845507285	-8.580820061605516
6.252626165899203	-8.583498090000878
6.257930860243809	-8.586116632268823
6.26287886345757	-8.588549639670937
6.268244487921415	-8.591177703437227
6.273253421254417	-8.593621420007064
6.27816376758355	-8.59600802606649
6.283491735162767	-8.598587544155828
6.28846301161114	-8.600984947503564
6.293851909309597	-8.60357350135066
6.298884115877209	-8.605981119071577
6.303817735440953	-8.60833259250617
6.309168976254781	-8.610873093147351
6.314163525937764	-8.613234872332361
6.319575696870832	-8.615783934516093
6.324889280800031	-8.6182762732028
6.329846173598386	-8.620592139555283
6.335220687646825	-8.623093149763609
6.34023851056442	-8.625418838452479
6.345157746478146	-8.627690105559452
6.350494603641956	-8.630144447369444
6.355474769674922	-8.632425629160748
6.360872556957972	-8.63488818588848
6.3661717572371535	-8.637295758453975
6.371114266385491	-8.63953236578306
6.376474396783912	-8.641948263996067
6.38147783605149	-8.644194319981564
6.386382688315198	-8.646387638110857
6.39170516182899	-8.64875823175061
6.396670944211938	-8.650961091561951
6.40205434784497	-8.65333957126489
6.407081060347158	-8.655551430505863
6.412009185845478	-8.657711469827357
6.417354932593882	-8.660045135309096
6.422343988211441	-8.662214269921584
6.427750665079084	-8.66455539288454
6.433058754942858	-8.666844157740863
6.438010153675789	-8.668970512563408
6.443379173658803	-8.671266848946043
6.448391502510973	-8.673401860646122
6.453305244359275	-8.67548668523495
6.458636607457661	-8.677739551281164
6.463611279425203	-8.679833128849106
6.469003572642828	-8.682093154090035
6.474297278856585	-8.684302470097595
6.479234293939498	-8.68635456398546
6.484588930272494	-8.688571153198124
6.489586875474647	-8.69063157775268
6.495002441926883	-8.692854922183937
6.500319421375251	-8.695028465112976
6.5052797096927755	-8.69704788917369
6.510657619260383	-8.699228303950688
6.515678837697146	-8.701255646973715
6.520601469130041	-8.70323528301938
6.52594172181302	-8.705374045244351
6.530925283365154	-8.707361698782446
6.536326466167373	-8.70950694678874
6.541629061965724	-8.711603989513415
6.54657496663323	-8.713551914852337
6.5519384925508195	-8.71565555950786
6.556945327337565	-8.717611105987869
6.561853575120442	-8.71952048590297
6.567179444153403	-8.721583773199894
6.57214862205552	-8.723500872379844
6.577535421207721	-8.725570390416882
6.582565529229078	-8.7274947292829
6.587497050246567	-8.729373740796715
6.592846192514139	-8.73140338127901
6.597838643650866	-8.73328973280429
6.603248716037678	-8.735325242903981
6.608560201420621	-8.737314950531367
6.613514995672721	-8.739163285824445
6.618887411174904	-8.74115898067797
6.623903135546243	-8.743014284333094
6.628820272913714	-8.744825748084859
6.634155031531268	-8.74678283347735
6.639133099017978	-8.748601365148424
6.644528787754772	-8.750564090734056
6.649825889487698	-8.752482516298446
6.654766300089779	-8.754264251074353
6.660124331941945	-8.756188433330601
6.665125672663266	-8.757976878428854
6.670544634634671	-8.759906361680208
6.675865009602207	-8.761792371624885
6.680828693438899	-8.763544486151197
6.686209998525675	-8.765435915531311
6.691234612481607	-8.76719439243471
6.696160639433671	-8.768911282211446
6.701504287635819	-8.770765822475237
6.706491244707123	-8.772489175064903
6.7118958230285095	-8.774348810832313
6.717201814346028	-8.776166421693532
6.722151114532703	-8.777854633441278
6.727518035969461	-8.779677456782716
6.732528266275375	-8.781371796701679
6.737439909577422	-8.78302594339109
6.742769174129552	-8.784813087578705
6.747741747550838	-8.786473461605778
6.753131942222207	-8.78826550709922
6.758423549889708	-8.790016935799198
6.763358466426364	-8.791643330490961
6.768711004213105	-8.793399775835955
6.773706850869002	-8.795032076006054
6.779120318774982	-8.796793118876153
6.784435199677095	-8.798514319501129
6.789393389448363	-8.800113090001265
6.794769200469714	-8.80183900505591
6.799788320360221	-8.803443368163737
6.8047088532468605	-8.805009645674845
6.8100470073835835	-8.806701524907925
6.815028470389462	-8.80827349427417
6.820427554645425	-8.809969797866612
6.82572805189752	-8.811627613504646
6.83067185801877	-8.813167182688533
6.836033285390104	-8.814829537659687
6.8410380216305935	-8.816374497886128
6.845944170867215	-8.817882673866238
6.85126794135392	-8.81951214106871
6.856235020709781	-8.821025805662039
6.861619721315726	-8.822659533617346
6.866647730790827	-8.824178300329118
6.87157715326206	-8.825660990976269
6.876924196983376	-8.827262271543212
6.881914549573848	-8.82875016320058
6.8873225234144035	-8.830355434278772
6.892631910251091	-8.831924247336955
6.897584605956935	-8.833381263687995
6.902954922912862	-8.834954181408303
6.907968548737945	-8.836416117776617
6.91288358755916	-8.837843227120544
6.9182162476304585	-8.839384811503235
6.923192216570913	-8.840816937853191
6.928585806761451	-8.842362367430525
6.933880809948121	-8.843872600948929
6.938819122003947	-8.84527491888468
6.944175055309857	-8.846789109452503
6.949174297484922	-8.848196174283967
6.954591160910072	-8.84971395725352
6.959909437331353	-8.85119723798277
6.96487102262179	-8.85257491484405
6.9702502291623105	-8.854061900875434
6.975272744571987	-8.855444062476387
6.980196672977795	-8.85679328099268
6.985538222633687	-8.858250449284588
6.990523081158734	-8.859604248569367
6.995925560933866	-8.861064880800079
7.00122945370513	-8.862492220243595
7.006176655345549	-8.863817663892332
7.011541478236052	-8.86524857767501
7.01654960999571	-8.866578350148833
7.021459154751501	-8.867876339083372
7.026786320757375	-8.86927848351173
7.031756795632405	-8.87058089512743
7.037144891757519	-8.871986382161763
7.042176296751789	-8.873292880863277
7.047109114742191	-8.874568226650283
7.0524595539826755	-8.875945353179894
7.057453302092316	-8.87722488080302
7.062864671452041	-8.878605125498783
7.068177453807897	-8.879953886070751
7.07313354503291	-8.881206453697061
7.078507257508006	-8.882558441054359
7.083524278852258	-8.883814955597307
7.088442713192642	-8.885041426549254
7.0937787687831095	-8.88636606597397
7.0987581332427325	-8.887596576269607
7.1041551189524395	-8.888924227026214
7.109453517658278	-8.890221514570795
7.114395225233273	-8.891426032587574
7.119754554058352	-8.892726437361686
7.124757191752586	-8.893934768960593
7.129661242442952	-8.895114130317753
7.134982914383402	-8.896388169452855
7.139947895193007	-8.89757143445523
7.145330497252696	-8.898848383947607
7.150356408181541	-8.90003524601296
7.155283732106518	-8.90119372136019
7.160628677281579	-8.902444691238891
7.165616931325796	-8.903606854389913
7.171022806620096	-8.904860534413336
7.1763300949105275	-8.906085525345969
7.181280692070115	-8.907223005032622
7.186648910479787	-8.908450809813234
7.191660437758614	-8.90959176693655
7.196573378033573	-8.910705362404771
7.201903939558616	-8.91190813389225
7.2068778099528155	-8.913025295065633
7.212269301597098	-8.914230688178563
7.2175622062375115	-8.915408428016281
7.222498419747081	-8.916501809113624
7.227852254506735	-8.917682271415481
7.232849398135545	-8.918779016040546
7.238264163014438	-8.919961913189054
7.243580340889464	-8.921117726118194
7.248539827633645	-8.922191054232657
7.25391693562791	-8.923349403272697
7.25893735249133	-8.924425899082049
7.263859182350882	-8.925476574091109
7.269198633460518	-8.926611179145585
7.27418139343931	-8.927665108105998
7.279581774668186	-8.928802070835419
7.284883568893194	-8.92991293728752
7.289828671987357	-8.930944317984116
7.295191396331604	-8.932057640428619
7.3001974295450065	-8.93309208688334
7.305104875754541	-8.934101656837552
7.310429943214159	-8.935192115960865
7.3153983195429335	-8.936204835371276
7.320784317121792	-8.937297579134658
7.325813623569806	-8.938313183948127
7.330744343013952	-8.939304425355488
7.336092683708181	-8.940374655992228
7.341084333271565	-8.941368866892084
7.346493604085034	-8.942441216545582
7.351804287894635	-8.943488942647862
7.356758280573391	-8.944461780472393
7.362129894502232	-8.945511721238727
7.367144817300228	-8.946487353393419
7.372061153094356	-8.94743952156678
7.3773951101385675	-8.948467794422543
7.382372376051935	-8.94942283840548
7.387767263215386	-8.950453166875972
7.393063563374969	-8.951459780702475
7.398003172403707	-8.952394257185476
7.40336040268253	-8.953403019288364
7.408360941830509	-8.954340203223673
7.413779102228571	-8.95535086662898
7.419098675622765	-8.956338314521975
7.424061557886114	-8.957255258525716
7.4294420613995475	-8.958244700544666
7.434465873782137	-8.959164189103474
7.439391099160858	-8.960061563237886
7.444733945789663	-8.9610304896406
7.449720101287624	-8.96193048745301
7.455123878035669	-8.962901260475926
7.460429067779844	-8.96384968267434
7.465377566393176	-8.964730212079312
7.470743686256592	-8.965680570709655
7.475753114989163	-8.966563567225993
7.4806639567178665	-8.967425274500382
7.485992419696654	-8.96835589954743
7.490964191544597	-8.969220150442936
7.496353584642624	-8.970152570224768
7.501386286609807	-8.97101913827615
7.506320401573121	-8.971864865243472
7.511672137786519	-8.972777865434663
7.516667182869073	-8.97362598624604
7.5220798492017105	-8.974540644366169
7.52739392853048	-8.975434238499918
7.5323513167284055	-8.976263935731335
7.537726326176415	-8.977159274689079
7.54274464449358	-8.977991220156717
7.547664375806876	-8.97880310867799
7.553001728370257	-8.97967977613864
7.557982389802793	-8.980493986963499
7.563380672485413	-8.981372267819596
7.568680368164165	-8.982230277119832
7.573623372712072	-8.98302677639183
7.578983998510064	-8.983886483010801
7.5839879331772115	-8.984685164602487
7.58889328084049	-8.98546454484974
7.594216249753853	-8.986306301448295
7.599182527536371	-8.98708793550599
7.604566426568973	-8.987931263123631
7.609593634470731	-8.98871494545806
7.614522255368621	-8.989479736696984
7.619868497516595	-8.990305405201399
7.624858048533725	-8.991072316290817
7.630265220800938	-8.99189943393067
7.635573806064283	-8.992707458264295
7.6405257001967835	-8.993457622088764
7.645895215579368	-8.994267176526199
7.6509080398311085	-8.995019330034548
7.655822277078981	-8.995753309598177
7.661154135576937	-8.996545893892796
7.666129302944049	-8.997281932150717
7.671522091561244	-8.998075929409477
7.676816293174571	-8.998851558106885
7.681753803657054	-8.999571504367328
7.687108935389621	-9.000348624101813
7.692107375991344	-9.001070503882598
7.6975234378431505	-9.001848923146056
7.702840912691089	-9.002609371609022
7.7078016964081835	-9.003315429103882
7.713180101375361	-9.004077255064518
7.718201815211694	-9.0047851251235
7.7231249420441594	-9.00547589470807
7.728465690126709	-9.006221690217266
7.733449747078414	-9.00691433885326
7.7388514252802025	-9.007661403288703
7.744154516478123	-9.008391184080091
7.7491009165452	-9.009068635090223
7.75446493786236	-9.009799759916083
7.759472268048675	-9.010478973653496
7.764381011231123	-9.011141741319756
7.769707375663654	-9.011857468296729
7.774677048965342	-9.012522062698954
7.780064343517113	-9.013239029320454
7.78509494693804	-9.013905275109487
7.790026963355099	-9.01455542999322
7.795376601022241	-9.01525725565066
7.800369547558539	-9.015909125893288
7.805780115344921	-9.016612090545157
7.811092096127434	-9.017298791907209
7.816047385779104	-9.01793631074067
7.8214202966808575	-9.018624223264622
7.826436516451767	-9.01926334933686
7.831354149218808	-9.019887004452318
7.836689403235932	-9.020560378550348
7.841667966122213	-9.021185702436593
7.847064150258577	-9.021860190908557
7.852361747391073	-9.022519042611878
7.857302653392725	-9.023130587542642
7.86266118064446	-9.023790623045908
7.867663016765352	-9.024403732734926
7.873082474136327	-9.025064788987788
7.878403344503433	-9.025710552220108
7.883367523739696	-9.02631012005739
7.888749324226042	-9.02695697326624
7.8937744335815445	-9.027558005427435
7.898700955933179	-9.028144493434215
7.904045099534897	-9.028777630217432
7.909032552005771	-9.02936564159999
7.914437625726728	-9.029999778673231
7.919744112443817	-9.030619215699957
7.924693908030061	-9.031194229637869
7.93006132486639	-9.031814733497537
7.935072050571875	-9.032391174183482
7.939984189273491	-9.03295363481885
7.945313949225191	-9.03356097331618
7.950287018046048	-9.034124917427011
7.955677708116987	-9.034733236473066
7.960969811184058	-9.035327425560224
7.965905223120285	-9.035878895475424
7.971258256306596	-9.036474129048916
7.976254598362063	-9.037026989452585
7.981668561667614	-9.037623120145
7.986983937969296	-9.03820543360492
7.991942623140135	-9.038746037091018
7.9973189295610565	-9.039329311375585
8.002338544851133	-9.03987121558491
8.007259573137343	-9.040399982517016
8.012598222673637	-9.040970843156472
8.017580181079087	-9.041500965144527
8.02297976073462	-9.042072706641964
8.028280753386284	-9.042631169988619
8.033225054907104	-9.043149532058596
8.038586977678008	-9.043708937429766
8.043592209318069	-9.044228568163739
8.04849885395426	-9.044735574178665
8.053823119840537	-9.045283068864864
8.058790694595968	-9.045791395678773
8.064175890601483	-9.046339755421512
8.069204395476154	-9.046849268243564
8.074134313346956	-9.047346434375417
8.079481852467843	-9.047883089354672
8.084472700457885	-9.048381493487573
8.089881169698012	-9.048918939389475
8.09519105193427	-9.0494439062119
8.100144243039685	-9.049931223773628
8.105515055395182	-9.050457039986057
8.110529176619835	-9.0509455152619
8.11544471084062	-9.051422128252002
8.120777866311489	-9.051936717147663
8.125754330651514	-9.052414537707586
8.131148416241622	-9.05292990462637
8.136443914827863	-9.053433282009346
8.141382722283259	-9.053900468975446
8.146739150988738	-9.054404680461955
8.151738888563374	-9.054872997702441
8.157156247388093	-9.055377918267544
8.162475019208944	-9.05587111777434
8.167437099898951	-9.05632899039888
8.172816801839042	-9.056822954796646
8.177839812648289	-9.057281883120783
8.182764236453668	-9.057729672142283
8.18810628150913	-9.058213060604656
8.193091635433747	-9.058661952937252
8.19849461060845	-9.059146040150605
8.203798998779282	-9.059618868578635
8.208746695819272	-9.06005774574418
8.214112014109345	-9.06053132642354
8.219120641268574	-9.060971235095693
8.224030681423935	-9.061400443626606
8.229358342829379	-9.061863882802774
8.234329313103979	-9.062294168451544
8.239717904628662	-9.062758296179055
8.244749805022503	-9.063189544651205
8.249683118412474	-9.063610331134257
8.25503405305253	-9.06406449600831
8.26002829656174	-9.064486290752054
8.265440161321036	-9.064941082860749
8.270753439076463	-9.065385300779687
8.275710025701045	-9.065797662252981
8.281084233575712	-9.066242558413412
8.286101750319533	-9.066655861422774
8.291020680059487	-9.067059116958369
8.296357231049525	-9.067494461945174
8.301337090908719	-9.067898702519926
8.306734572017996	-9.068334666682283
8.312033466123404	-9.068760475566943
8.31697566909797	-9.069155673180898
8.322335493322617	-9.069582150093835
8.327338626416422	-9.069978268480092
8.332243172506358	-9.07036473719895
8.337565339846378	-9.070782057708866
8.342530816055554	-9.071169488840393
8.347913913514814	-9.071587420467068
8.35294031984323	-9.07197571089968
8.357868139167776	-9.07235456735417
8.363213579742407	-9.0727635051701
8.368202329186193	-9.073143262385875
8.373608699880064	-9.073552756545164
8.378916483570066	-9.07395271552365
8.383867576129225	-9.07432395857387
8.389236289938466	-9.074724520411282
8.394248312616865	-9.075096604491849
8.399161748291395	-9.075459629850442
8.404492805216007	-9.075851571652057
8.409467171009776	-9.076215477705087
8.414859158053629	-9.07660796958008
8.420152558093614	-9.07699130551097
8.425089267002754	-9.077347051640489
8.430443597161979	-9.07773098216239
8.435441236190359	-9.078087551437612
8.440856496468822	-9.078471981090134
8.446173169743417	-9.078847462709222
8.451133151887168	-9.079196020626496
8.456510755281004	-9.079572045617509
8.461531667543994	-9.07992137119118
8.466453992803118	-9.080262197410295
8.471793939312324	-9.08063011228809
8.476777194690687	-9.080971743903122
8.482178071319133	-9.081340153216361
8.48748036094371	-9.081699971975695
8.492425959437444	-9.082033927274534
8.497789179181261	-9.082394282789892
8.502795707794235	-9.082728990016136
8.50770364940334	-9.083055537137044
8.513029212262529	-9.083408121307066
8.517998083990873	-9.083735456434537
8.5233845769693	-9.084088530180763
8.528414378816885	-9.084416566101407
8.5333455936606	-9.08473662581821
8.5386944297544	-9.085082068212536
8.543686574717356	-9.085402864615867
8.549096340930395	-9.085748751201299
8.554407520139566	-9.086086576018493
8.559362008217894	-9.086400150058472
8.564734117546305	-9.086738459283499
8.56974953574387	-9.087052720314965
8.574666366937569	-9.087359324845705
8.58000081938135	-9.087690323038494
8.584978580694289	-9.087997648859531
8.59037396325731	-9.088329087695975
8.595670758816464	-9.088652787856764
8.600610863244773	-9.088953194733453
8.605968588923165	-9.089277373984492
8.610969623470714	-9.08957845425217
8.616388279268346	-9.089903031937473
8.62170834806211	-9.090220048048216
8.62667172572503	-9.090514337002352
8.632052724638035	-9.090831789726984
8.637077032420194	-9.091126705904815
8.642002753198486	-9.091414441822492
8.647346095226862	-9.091725020537979
8.652332746124392	-9.092013416253131
8.657737018272007	-9.092324391004357
8.663042703415753	-9.092628108452587
8.667991697428656	-9.092909999471576
8.673358312691642	-9.093214149439566
8.678368236823784	-9.093496655751695
8.683279573952058	-9.093772270398722
8.688608532330415	-9.094069836086149
8.693580799577928	-9.094346097134729
8.698970688075525	-9.094644056198133
8.704261989569254	-9.094935049613294
8.709196599932138	-9.095205080330881
8.714548831545107	-9.095496501980604
8.719544372027231	-9.09576713619173
8.724957533759438	-9.09605891346911
8.730272108487778	-9.096343884949883
8.735229992085273	-9.09660840433949
8.740605496932853	-9.096893766052832
8.745624310649587	-9.097158847581952
8.750544537362455	-9.0974174672145
8.755882385325405	-9.097696639878897
8.760863542157512	-9.097955851168221
8.766262320239703	-9.098235377760213
8.771562511318024	-9.098508373105824
8.776506011265502	-9.098761728594539
8.781867132463063	-9.09903511091848
8.78687156252978	-9.099289018188736
8.79177740559263	-9.099536723901807
8.797100869905563	-9.099804178982314
8.802067643087652	-9.100052464651563
8.807452037519823	-9.100320271676363
8.812479740821152	-9.100569070997254
8.817408857118611	-9.100811809845041
8.822755594666155	-9.101073798203373
8.827745641082855	-9.101317078704183
8.833153308749639	-9.101579385321656
8.838462389412554	-9.101835566444652
8.843414778944625	-9.102073342067108
8.84878478972678	-9.10232987277996
8.85379810937809	-9.102568152984954
8.858712842025533	-9.102800617759026
8.864045195923058	-9.103051576937892
8.86902085868974	-9.103284573012873
8.874414142706506	-9.103535849269985
8.879708839719404	-9.103781247671085
8.884646845601457	-9.104008972800788
8.890002472733594	-9.104254718189798
8.895001408734887	-9.104482938866587
8.900417965986263	-9.104728969997517
8.905735936233771	-9.104969258982047
8.910697215350435	-9.105192307427346
8.916076115717184	-9.105432911829014
8.921098324953087	-9.105656421373084
8.926021947185124	-9.105874480207824
8.931363190667243	-9.106109850216377
8.93634774301852	-9.106328395465798
8.941749916619878	-9.106564050733335
8.947053503217369	-9.106794196800315
8.952000398684016	-9.107007790456668
8.957364915400746	-9.107238250102688
8.962372740986632	-9.107452296945336
8.96728197956865	-9.107661113872808
8.972608839400753	-9.10788656208985
8.97757900810201	-9.108095856349042
8.98296679805335	-9.10832158902836
8.987997896873848	-9.108531304703
8.992930408690476	-9.108735910099915
8.99828054175719	-9.108956724021612
9.003273983693058	-9.109161774818121
9.00868504687901	-9.109382845216068
9.013997523061095	-9.109598750517154
9.018953308112335	-9.10979914865804
9.02432671441366	-9.110015337247695
9.029343429584138	-9.110216149895296
9.03426155775075	-9.11041205994917
9.039597307167444	-9.110623540062578
9.044576365453295	-9.110819887491509
9.04997304498923	-9.111031623869367
9.055271137521297	-9.11123840503335
9.060212538922519	-9.111430298788683
9.065571561573824	-9.111637361795122
9.070573893094286	-9.11182966311995
9.075993845864831	-9.112036956355634
9.081315211631509	-9.11223940938401
9.086279886267342	-9.112427341165901
9.091662182153259	-9.112630049788859
9.096687786908332	-9.112818360430772
9.101614804659537	-9.113002077459289
9.106959443660825	-9.113200364487078
9.111947391531269	-9.11338448201767
9.117352960651797	-9.113582999568559
9.122659942768456	-9.113776874219493
9.127610233754272	-9.11395680972724
9.13297814599017	-9.114150939092108
9.137989367095226	-9.114331247400118
9.142902001196413	-9.114507149041303
9.148232256547683	-9.114697046273706
9.15320582076811	-9.114873341342905
9.158597006238619	-9.115063469072641
9.163889604705261	-9.115249142828528
9.168825512041058	-9.115421435125223
9.17417904062694	-9.11560736244768
9.179175878081978	-9.115780021440056
9.184590336787098	-9.115966155929886
9.18990620848835	-9.11614793996137
9.194865389058759	-9.116316671994916
9.200242190879251	-9.116498686066754
9.205262301568899	-9.116667759046546
9.205341646338354	-9.116670424615197
9.205420991107811	-9.11667308997587
9.205579680646725	-9.116678420073352
9.205897059724549	-9.116689077773295
9.206531817880201	-9.116710383196674
9.207801334191501	-9.116752954165955
9.207880678960958	-9.116755613087255
9.207960023730413	-9.116758271801087
9.208118713269325	-9.116763588606416
9.208436092347151	-9.11677421972817
9.209070850502801	-9.116795472019628
9.209150195272258	-9.116798127623367
9.209229540041713	-9.116800783019894
9.209388229580625	-9.116806093191371
9.209705608658451	-9.116816711048477
9.209784953427906	-9.116819364994962
9.209864298197363	-9.11682201873436
9.210022987736277	-9.116827325591965
9.210102332505734	-9.116829978710204
9.21018167727519	-9.11683263162142
9.210261022044644	-9.11683528432563
9.210340366814101	-9.11683793682285
